Average current for each electrode(+Ql):  No of electrode,  average current, =1 means the current<I_threshold
 1             0.2510476     0             14742 
 2             0.2603832     0             14876 
 3             0.2846545     0             14723 
 4             0.1611539     0             14273 
 5             0.2906799     0             15106 
 6             0.2769302     0             14799 
 7             0.2587878     0             14816 
 8             0.2370386     0             14680 
 9             0.2742851     0             14794 
 10            0.2592366     0             14710 
 11            0.2232084     0             14590 
 12            0.2508967     0             14546 
 13            0.2484103     0             14712 
 14            0.2266661     0             14469 
 15            0.2436279     0             14633 
 16            0.2169136     0             14216 
 17            0.156832      0             22613 
 18            0.2368278     0             23040 
 19            0.2106108     0             23720 
 20            0.1801311     0             24939 
 21            0.2342176     0             25189 
 22            0.1875632     0             23094 
 23            0.2067722     0             25377 
 24            0.2353508     0             23406 
 25            0.1954631     0             24190 
 26            0.1837807     0             22436 
 27            0.2159853     0             23196 
 28            0.2835723     0             22754 
 29            0.2647069     0             23628 
 30            0.2247095     0             21882 
 31            0.2286039     0             23198 
 32            0.1928058     0             25244 
 33            0.1703911     0             14464 
 34            0.3112428     0             14144 
 35            0             1             17768 
 36            0             1             12758 
 37            0             1             21211 
 38            0             1             28818 
 39            0.2969852     0             14135 
 40            0             1             73944 
 41            0.1855291     0             14381 
 42            0.2294901     0             14699 
 43            0.2958266     0             14288 
 44            0.2368232     0             14396 
 45            0.2890349     0             14684 
 46            0.274135      0             14265 
 47            0.2734619     0             14493 
 48            0.3024665     0             14310 
 49            0.2764636     0             14354 
 50            0.3163373     0             14756 
 51            0.2520679     0             14651 
 52            0.2712148     0             14562 
 53            0.2687463     0             14576 
 54            0.3174921     0             14313 
 55            0.278959      0             14572 
 56            0.1445501     0             14987 
 57            0             1             23207 
 58            0             1             11446 
 59            0             1             9241 
 60            0.251857      0             14815 
 61            0.2224566     0             14844 
 62            0.2101197     0             15054 
 63            0             1             95002 
 64            0.2276417     0             14803 
 65            0             1             78558 
 66            0             1             46753 
 67            0             1             28436 
 68            0             1             12602 
 69            0             1             873 
 70            0             1             23346 
 71            0             1             30902 
 72            0             1             56578 
 73            0             1             13983 
 74            0             1             29493 
 75            0             1             25878 
 76            0             1             11693 
 77            0             1             16267 
 78            0             1             24737 
 79            0             1             18369 
 80            0             1             22482 
 81            0             1             14465 
 82            0             1             9551 
 83            0             1             2892 
 84            0             1             9995 
 85            0             1             27349 
 86            0             1             2862 
 87            0             1             27098 
 88            0             1             4153 
 89            0             1             1580 
 90            0             1             13174 
 91            0             1             73162 
 92            0             1             30882 
 93            0             1             92196 
 94            0             1             76176 
 95            0             1             6686 
 96            0             1             70277 
No.   A_posi   B_posi   Current   Vlevel   Qaverage
 1             1             7             0.28302       0             0 
 2             2             8             0.26669       0             0 
 3             3             9             0.342257      0             0 
 4             4             10            0.175062      0             0 
 5             5             11            0.300622      0             0 
 6             6             12            0.295028      0             0 
 7             7             13            0.284798      0             0 
 8             8             14            0.23102       0             0 
 9             9             15            0.272984      0             0 
 10            10            16            0.227638      0             0 
 11            11            17            0.152508      0             0 
 12            12            18            0.244093      0             0 
 13            13            19            0.217151      0             0 
 14            14            20            0.176487      0             0 
 15            15            21            0.228131      0             0 
 16            16            22            0.169185      0             0 
 17            17            23            0.143104      0             0 
 18            18            24            0.222146      0             0 
 19            19            25            0.171026      0             0 
 20            20            26            0.14787       0             0 
 21            21            27            0.202451      0             0 
 22            22            28            0.210069      0             0 
 23            23            29            0.221955      0             0 
 24            24            30            0.21479       0             0 
 25            25            31            0.181786      0             0 
 26            26            32            0.156993      0             0 
 27            27            33            0.15183       0             0 
 28            28            34            0.378216      0             0 
 29            33            39            0.190038      0             0 
 30            39            45            0.364298      0             0 
 31            41            47            0.208672      0             0 
 32            42            48            0.290431      0             0 
 33            43            49            0.354043      0             0 
 34            44            50            0.333581      0             0 
 35            45            51            0.313274      0             0 
 36            46            52            0.330173      0             0 
 37            47            53            0.327118      0             0 
 38            48            54            0.412886      0             0 
 39            49            55            0.330691      0             0 
 40            50            56            0.171087      0             0 
 41            54            60            0.308995      0             0 
 42            55            61            0.254664      0             0 
 43            56            62            0.135357      0             0 
 44            1             15            0.247841      0             0 
 45            2             16            0.232184      0             0 
 46            3             17            0.177906      0             0 
 47            4             18            0.15982       0             0 
 48            5             19            0.26068       0             0 
 49            6             20            0.201552      0             0 
 50            7             21            0.252968      0             0 
 51            8             22            0.18404       0             0 
 52            9             23            0.231088      0             0 
 53            10            24            0.242738      0             0 
 54            11            25            0.18466       0             0 
 55            12            26            0.188035      0             0 
 56            13            27            0.219855      0             0 
 57            14            28            0.270267      0             0 
 58            15            29            0.257825      0             0 
 59            16            30            0.200951      0             0 
 60            17            31            0.150162      0             0 
 61            18            32            0.189082      0             0 
 62            19            33            0.15159       0             0 
 63            20            34            0.216514      0             0 
 64            25            39            0.224073      0             0 
 65            27            41            0.164721      0             0 
 66            28            42            0.270002      0             0 
 67            29            43            0.324553      0             0 
 68            30            44            0.227849      0             0 
 69            31            45            0.265381      0             0 
 70            32            46            0.219211      0             0 
 71            33            47            0.183709      0             0 
 72            34            48            0.412274      0             0 
 73            39            53            0.340451      0             0 
 74            41            55            0.207127      0             0 
 75            42            56            0.143276      0             0 
 76            46            60            0.282796      0             0 
 77            47            61            0.25617       0             0 
 78            48            62            0.247076      0             0 
 79            50            64            0.291588      0             0 
 80            1             25            0.195751      0             0 
 81            2             26            0.196425      0             0 
 82            3             27            0.247481      0             0 
 83            4             28            0.182151      0             0 
 84            5             29            0.347233      0             0 
 85            6             30            0.261166      0             0 
 86            7             31            0.247464      0             0 
 87            8             32            0.194329      0             0 
 88            9             33            0.183562      0             0 
 89            10            34            0.339584      0             0 
 90            15            39            0.287859      0             0 
 91            17            41            0.13348       0             0 
 92            18            42            0.226244      0             0 
 93            19            43            0.247399      0             0 
 94            20            44            0.180632      0             0 
 95            21            45            0.269426      0             0 
 96            22            46            0.211477      0             0 
 97            23            47            0.233101      0             0 
 98            24            48            0.278119      0             0 
 99            25            49            0.212751      0             0 
 100           26            50            0.235323      0             0 
 101           27            51            0.222374      0             0 
 102           28            52            0.323674      0             0 
 103           29            53            0.298027      0             0 
 104           30            54            0.283485      0             0 
 105           31            55            0.257076      0             0 
 106           32            56            0.128328      0             0 
 107           5             39            0.401573      0             0 
 108           7             41            0.200598      0             0 
 109           8             42            0.230336      0             0 
 110           9             43            0.346084      0             0 
 111           10            44            0.260854      0             0 
 112           11            45            0.273744      0             0 
 113           12            46            0.293267      0             0 
 114           13            47            0.293189      0             0 
 115           14            48            0.286155      0             0 
 116           15            49            0.274654      0             0 
 117           16            50            0.275959      0             0 
 118           17            51            0.167434      0             0 
 119           18            52            0.264293      0             0 
 120           19            53            0.231204      0             0 
 121           20            54            0.215033      0             0 
 122           21            55            0.261043      0             0 
 123           22            56            0.124832      0             0 
 124           26            60            0.186925      0             0 
 125           27            61            0.197367      0             0 
 126           28            62            0.232997      0             0 
 127           30            64            0.20707       0             0 
 128           1             4             0.16714       0             0 
 129           2             5             0.35884       0             0 
 130           3             6             0.349214      0             0 
 131           4             7             0.181702      0             0 
 132           5             8             0.308879      0             0 
 133           6             9             0.325148      0             0 
 134           7             10            0.290688      0             0 
 135           8             11            0.228541      0             0 
 136           9             12            0.28404       0             0 
 137           10            13            0.2715        0             0 
 138           11            14            0.222497      0             0 
 139           12            15            0.2472        0             0 
 140           13            16            0.220824      0             0 
 141           14            17            0.152293      0             0 
 142           15            18            0.234439      0             0 
 143           16            19            0.185716      0             0 
 144           17            20            0.12799       0             0 
 145           18            21            0.2226        0             0 
 146           19            22            0.162777      0             0 
 147           20            23            0.163735      0             0 
 148           21            24            0.21535       0             0 
 149           22            25            0.15226       0             0 
 150           23            26            0.161929      0             0 
 151           24            27            0.201466      0             0 
 152           25            28            0.214427      0             0 
 153           26            29            0.198654      0             0 
 154           27            30            0.200722      0             0 
 155           28            31            0.260686      0             0 
 156           29            32            0.20626       0             0 
 157           30            33            0.155487      0             0 
 158           31            34            0.28393       0             0 
 159           39            42            0.27972       0             0 
 160           41            44            0.184791      0             0 
 161           42            45            0.278145      0             0 
 162           43            46            0.35986       0             0 
 163           44            47            0.282875      0             0 
 164           45            48            0.373852      0             0 
 165           46            49            0.334054      0             0 
 166           47            50            0.405967      0             0 
 167           48            51            0.325421      0             0 
 168           49            52            0.323183      0             0 
 169           50            53            0.392496      0             0 
 170           51            54            0.33589       0             0 
 171           52            55            0.321858      0             0 
 172           53            56            0.160245      0             0 
 173           61            64            0.204952      0             0 
 174           1             6             0.291721      0             0 
 175           2             7             0.30086       0             0 
 176           3             8             0.285477      0             0 
 177           4             9             0.179825      0             0 
 178           5             10            0.34154       0             0 
 179           6             11            0.267455      0             0 
 180           7             12            0.279466      0             0 
 181           8             13            0.249424      0             0 
 182           9             14            0.261599      0             0 
 183           10            15            0.257024      0             0 
 184           11            16            0.20443       0             0 
 185           12            17            0.153943      0             0 
 186           13            18            0.243439      0             0 
 187           14            19            0.201758      0             0 
 188           15            20            0.178761      0             0 
 189           16            21            0.201173      0             0 
 190           17            22            0.13105       0             0 
 191           18            23            0.201641      0             0 
 192           19            24            0.197668      0             0 
 193           20            25            0.14921       0             0 
 194           21            26            0.175882      0             0 
 195           22            27            0.171275      0             0 
 196           23            28            0.235925      0             0 
 197           24            29            0.243029      0             0 
 198           25            30            0.184217      0             0 
 199           26            31            0.174308      0             0 
 200           27            32            0.172276      0             0 
 201           28            33            0.182663      0             0 
 202           29            34            0.341933      0             0 
 203           34            39            0.397479      0             0 
 204           39            44            0.2939        0             0 
 205           41            46            0.211512      0             0 
 206           42            47            0.269985      0             0 
 207           43            48            0.38412       0             0 
 208           44            49            0.28054       0             0 
 209           45            50            0.419809      0             0 
 210           46            51            0.304345      0             0 
 211           47            52            0.325253      0             0 
 212           48            53            0.353106      0             0 
 213           49            54            0.371341      0             0 
 214           50            55            0.398318      0             0 
 215           51            56            0.156162      0             0 
 216           55            60            0.278953      0             0 
 217           56            61            0.141647      0             0 
 218           1             8             0.248689      0             0 
 219           2             9             0.306964      0             0 
 220           3             10            0.314727      0             0 
 221           4             11            0.160151      0             0 
 222           5             12            0.325435      0             0 
 223           6             13            0.294103      0             0 
 224           7             14            0.255081      0             0 
 225           8             15            0.235651      0             0 
 226           9             16            0.234069      0             0 
 227           10            17            0.165684      0             0 
 228           11            18            0.227131      0             0 
 229           12            19            0.209768      0             0 
 230           13            20            0.185237      0             0 
 231           14            21            0.21958       0             0 
 232           15            22            0.188166      0             0 
 233           16            23            0.183423      0             0 
 234           17            24            0.152242      0             0 
 235           18            25            0.191097      0             0 
 236           19            26            0.165294      0             0 
 237           20            27            0.166265      0             0 
 238           21            28            0.262341      0             0 
 239           22            29            0.199832      0             0 
 240           23            30            0.195344      0             0 
 241           24            31            0.212674      0             0 
 242           25            32            0.158972      0             0 
 243           26            33            0.137401      0             0 
 244           27            34            0.262029      0             0 
 245           32            39            0.224269      0             0 
 246           34            41            0.222719      0             0 
 247           39            46            0.352289      0             0 
 248           41            48            0.216333      0             0 
 249           42            49            0.267328      0             0 
 250           43            50            0.436715      0             0 
 251           44            51            0.25871       0             0 
 252           45            52            0.334396      0             0 
 253           46            53            0.32917       0             0 
 254           47            54            0.376697      0             0 
 255           48            55            0.362986      0             0 
 256           49            56            0.154638      0             0 
 257           53            60            0.274572      0             0 
 258           54            61            0.27954       0             0 
 259           55            62            0.229899      0             0 
 260           1             10            0.26833       0             0 
 261           2             11            0.255045      0             0 
 262           3             12            0.301742      0             0 
 263           4             13            0.173211      0             0 
 264           5             14            0.295842      0             0 
 265           6             15            0.276713      0             0 
 266           7             16            0.234349      0             0 
 267           8             17            0.147798      0             0 
 268           9             18            0.264441      0             0 
 269           10            19            0.218579      0             0 
 270           11            20            0.175201      0             0 
 271           12            21            0.236221      0             0 
 272           13            22            0.190716      0             0 
 273           14            23            0.200637      0             0 
 274           15            24            0.22336       0             0 
 275           16            25            0.170412      0             0 
 276           17            26            0.129298      0             0 
 277           18            27            0.205384      0             0 
 278           19            28            0.235052      0             0 
 279           20            29            0.192913      0             0 
 280           21            30            0.212425      0             0 
 281           22            31            0.176792      0             0 
 282           23            32            0.171604      0             0 
 283           24            33            0.161403      0             0 
 284           25            34            0.235633      0             0 
 285           30            39            0.26944       0             0 
 286           32            41            0.158202      0             0 
 287           33            42            0.162001      0             0 
 288           34            43            0.405823      0             0 
 289           39            48            0.379099      0             0 
 290           41            50            0.23298       0             0 
 291           42            51            0.24707       0             0 
 292           43            52            0.344706      0             0 
 293           44            53            0.276214      0             0 
 294           45            54            0.388582      0             0 
 295           46            55            0.334416      0             0 
 296           47            56            0.157991      0             0 
 297           51            60            0.256865      0             0 
 298           52            61            0.25111       0             0 
 299           53            62            0.230964      0             0 
 300           55            64            0.251598      0             0 
 301           1             12            0.259115      0             0 
 302           2             13            0.27927       0             0 
 303           3             14            0.275077      0             0 
 304           4             15            0.165642      0             0 
 305           5             16            0.265231      0             0 
 306           6             17            0.169026      0             0 
 307           7             18            0.259696      0             0 
 308           8             19            0.203565      0             0 
 309           9             20            0.19771       0             0 
 310           10            21            0.243416      0             0 
 311           11            22            0.182473      0             0 
 312           12            23            0.212089      0             0 
 313           13            24            0.235819      0             0 
 314           14            25            0.18704       0             0 
 315           15            26            0.181813      0             0 
 316           16            27            0.187169      0             0 
 317           17            28            0.173901      0             0 
 318           18            29            0.252078      0             0 
 319           19            30            0.197066      0             0 
 320           20            31            0.172622      0             0 
 321           21            32            0.182775      0             0 
 322           22            33            0.135843      0             0 
 323           23            34            0.257488      0             0 
 324           28            39            0.348604      0             0 
 325           30            41            0.174727      0             0 
 326           31            42            0.217824      0             0 
 327           32            43            0.228828      0             0 
 328           33            44            0.164892      0             0 
 329           34            45            0.389604      0             0 
 330           39            50            0.427862      0             0 
 331           41            52            0.205505      0             0 
 332           42            53            0.26384       0             0 
 333           43            54            0.403802      0             0 
 334           44            55            0.280855      0             0 
 335           45            56            0.164205      0             0 
 336           49            60            0.278787      0             0 
 337           50            61            0.295032      0             0 
 338           51            62            0.216877      0             0 
 339           53            64            0.249472      0             0 
 340           1             14            0.237787      0             0 
 341           2             15            0.263513      0             0 
 342           3             16            0.24791       0             0 
 343           4             17            0.118244      0             0 
 344           5             18            0.301075      0             0 
 345           6             19            0.235165      0             0 
 346           7             20            0.194223      0             0 
 347           8             21            0.22463       0             0 
 348           9             22            0.203483      0             0 
 349           10            23            0.219505      0             0 
 350           11            24            0.21852       0             0 
 351           12            25            0.194861      0             0 
 352           13            26            0.187944      0             0 
 353           14            27            0.203203      0             0 
 354           15            28            0.276695      0             0 
 355           16            29            0.227836      0             0 
 356           17            30            0.14728       0             0 
 357           18            31            0.219006      0             0 
 358           19            32            0.172574      0             0 
 359           20            33            0.132243      0             0 
 360           21            34            0.288077      0             0 
 361           26            39            0.21521       0             0 
 362           28            41            0.206356      0             0 
 363           29            42            0.25101       0             0 
 364           30            43            0.274668      0             0 
 365           31            44            0.225395      0             0 
 366           32            45            0.222813      0             0 
 367           33            46            0.182796      0             0 
 368           34            47            0.376014      0             0 
 369           39            52            0.338433      0             0 
 370           41            54            0.227549      0             0 
 371           42            55            0.266553      0             0 
 372           43            56            0.168725      0             0 
 373           47            60            0.28226       0             0 
 374           48            61            0.272334      0             0 
 375           49            62            0.232548      0             0 
 376           51            64            0.23348       0             0 
 377           1             16            0.217919      0             0 
 378           2             17            0.159158      0             0 
 379           3             18            0.279559      0             0 
 380           4             19            0.143826      0             0 
 381           5             20            0.217117      0             0 
 382           6             21            0.262106      0             0 
 383           7             22            0.200674      0             0 
 384           8             23            0.205104      0             0 
 385           9             24            0.254681      0             0 
 386           10            25            0.201311      0             0 
 387           11            26            0.179932      0             0 
 388           12            27            0.215482      0             0 
 389           13            28            0.293363      0             0 
 390           14            29            0.248731      0             0 
 391           15            30            0.223272      0             0 
 392           16            31            0.198835      0             0 
 393           17            32            0.133368      0             0 
 394           18            33            0.162132      0             0 
 395           19            34            0.257461      0             0 
 396           24            39            0.270985      0             0 
 397           26            41            0.153022      0             0 
 398           27            42            0.204162      0             0 
 399           28            43            0.355608      0             0 
 400           29            44            0.261835      0             0 
 401           30            45            0.26716       0             0 
 402           31            46            0.260872      0             0 
 403           32            47            0.218964      0             0 
 404           33            48            0.191108      0             0 
 405           34            49            0.370812      0             0 
 406           39            54            0.396793      0             0 
 407           41            56            0.122048      0             0 
 408           45            60            0.287683      0             0 
 409           46            61            0.256894      0             0 
 410           47            62            0.233294      0             0 
 411           49            64            0.251222      0             0 
 412           1             18            0.242838      0             0 
 413           2             19            0.221382      0             0 
 414           3             20            0.20565       0             0 
 415           4             21            0.15729       0             0 
 416           5             22            0.22502       0             0 
 417           6             23            0.236989      0             0 
 418           7             24            0.252552      0             0 
 419           8             25            0.189298      0             0 
 420           9             26            0.199494      0             0 
 421           10            27            0.224014      0             0 
 422           11            28            0.265816      0             0 
 423           12            29            0.269784      0             0 
 424           13            30            0.23157       0             0 
 425           14            31            0.218291      0             0 
 426           15            32            0.191022      0             0 
 427           16            33            0.152901      0             0 
 428           17            34            0.18518       0             0 
 429           22            39            0.216064      0             0 
 430           24            41            0.174481      0             0 
 431           25            42            0.18697       0             0 
 432           26            43            0.216882      0             0 
 433           27            44            0.211108      0             0 
 434           28            45            0.345079      0             0 
 435           29            46            0.308396      0             0 
 436           30            47            0.261404      0             0 
 437           31            48            0.274431      0             0 
 438           32            49            0.2174        0             0 
 439           33            50            0.202967      0             0 
 440           34            51            0.335306      0             0 
 441           39            56            0.158738      0             0 
 442           43            60            0.295605      0             0 
 443           44            61            0.220648      0             0 
 444           45            62            0.237766      0             0 
 445           47            64            0.253689      0             0 
 446           1             20            0.185305      0             0 
 447           2             21            0.25225       0             0 
 448           3             22            0.211979      0             0 
 449           4             23            0.14751       0             0 
 450           5             24            0.288979      0             0 
 451           6             25            0.213124      0             0 
 452           7             26            0.198305      0             0 
 453           8             27            0.20878       0             0 
 454           9             28            0.324055      0             0 
 455           10            29            0.279745      0             0 
 456           11            30            0.219038      0             0 
 457           12            31            0.233496      0             0 
 458           13            32            0.200075      0             0 
 459           14            33            0.161479      0             0 
 460           15            34            0.30636       0             0 
 461           20            39            0.206322      0             0 
 462           22            41            0.148353      0             0 
 463           23            42            0.200676      0             0 
 464           24            43            0.27478       0             0 
 465           25            44            0.19254       0             0 
 466           26            45            0.210942      0             0 
 467           27            46            0.242905      0             0 
 468           28            47            0.335846      0             0 
 469           29            48            0.326728      0             0 
 470           30            49            0.258284      0             0 
 471           31            50            0.298355      0             0 
 472           32            51            0.203054      0             0 
 473           33            52            0.180923      0             0 
 474           34            53            0.368249      0             0 
 475           41            60            0.188103      0             0 
 476           42            61            0.214206      0             0 
 477           43            62            0.243866      0             0 
 478           45            64            0.259181      0             0 
 479           1             22            0.189769      0             0 
 480           2             23            0.223597      0             0 
 481           3             24            0.269458      0             0 
 482           4             25            0.141706      0             0 
 483           5             26            0.219281      0             0 
 484           6             27            0.240848      0             0 
 485           7             28            0.31676       0             0 
 486           8             29            0.257788      0             0 
 487           9             30            0.25333       0             0 
 488           10            31            0.239423      0             0 
 489           11            32            0.189072      0             0 
 490           12            33            0.170976      0             0 
 491           13            34            0.325705      0             0 
 492           18            39            0.28068       0             0 
 493           20            41            0.141973      0             0 
 494           21            42            0.218937      0             0 
 495           22            43            0.219927      0             0 
 496           23            44            0.20931       0             0 
 497           24            45            0.268611      0             0 
 498           25            46            0.215702      0             0 
 499           26            47            0.207903      0             0 
 500           27            48            0.254954      0             0 
 501           28            49            0.327864      0             0 
 502           29            50            0.365573      0             0 
 503           30            51            0.238923      0             0 
 504           31            52            0.252963      0             0 
 505           32            53            0.216953      0             0 
 506           33            54            0.19842       0             0 
 507           34            55            0.375335      0             0 
 508           39            60            0.290764      0             0 
 509           41            62            0.162484      0             0 
 510           43            64            0.265056      0             0 
 511           1             11            0.23864       0             0 
 512           2             12            0.277274      0             0 
 513           3             13            0.304435      0             0 
 514           4             14            0.160171      0             0 
 515           5             15            0.308697      0             0 
 516           6             16            0.239737      0             0 
 517           7             17            0.166683      0             0 
 518           8             18            0.23218       0             0 
 519           9             19            0.229754      0             0 
 520           10            20            0.191484      0             0 
 521           11            21            0.221076      0             0 
 522           12            22            0.189806      0             0 
 523           13            23            0.21486       0             0 
 524           14            24            0.222122      0             0 
 525           15            25            0.18831       0             0 
 526           16            26            0.163072      0             0 
 527           17            27            0.146499      0             0 
 528           18            28            0.27098       0             0 
 529           19            29            0.220782      0             0 
 530           20            30            0.169743      0             0 
 531           21            31            0.212816      0             0 
 532           22            32            0.161183      0             0 
 533           23            33            0.146648      0             0 
 534           24            34            0.287207      0             0 
 535           29            39            0.318249      0             0 
 536           31            41            0.177674      0             0 
 537           32            42            0.186234      0             0 
 538           33            43            0.194223      0             0 
 539           34            44            0.310925      0             0 
 540           39            49            0.343863      0             0 
 541           41            51            0.194588      0             0 
 542           42            52            0.261929      0             0 
 543           43            53            0.349632      0             0 
 544           44            54            0.311362      0             0 
 545           45            55            0.343504      0             0 
 546           46            56            0.159785      0             0 
 547           50            60            0.327739      0             0 
 548           51            61            0.237247      0             0 
 549           52            62            0.229174      0             0 
 550           54            64            0.275928      0             0 
 551           1             19            0.211526      0             0 
 552           2             20            0.194454      0             0 
 553           3             21            0.270888      0             0 
 554           4             22            0.134355      0             0 
 555           5             23            0.258185      0             0 
 556           6             24            0.261166      0             0 
 557           7             25            0.205195      0             0 
 558           8             26            0.182033      0             0 
 559           9             27            0.235828      0             0 
 560           10            28            0.303246      0             0 
 561           11            29            0.248983      0             0 
 562           12            30            0.233319      0             0 
 563           13            31            0.232778      0             0 
 564           14            32            0.190702      0             0 
 565           15            33            0.162704      0             0 
 566           16            34            0.263127      0             0 
 567           21            39            0.272099      0             0 
 568           23            41            0.164122      0             0 
 569           24            42            0.218978      0             0 
 570           25            43            0.225635      0             0 
 571           26            44            0.18662       0             0 
 572           27            45            0.247164      0             0 
 573           28            46            0.336912      0             0 
 574           29            47            0.305243      0             0 
 575           30            48            0.276933      0             0 
 576           31            49            0.25703       0             0 
 577           32            50            0.248338      0             0 
 578           33            51            0.176993      0             0 
 579           34            52            0.362037      0             0 
 580           42            60            0.230225      0             0 
 581           43            61            0.268775      0             0 
 582           44            62            0.206429      0             0 
 583           46            64            0.253908      0             0 
 584           1             23            0.213588      0             0 
 585           2             24            0.251277      0             0 
 586           3             25            0.219024      0             0 
 587           4             26            0.133981      0             0 
 588           5             27            0.263422      0             0 
 589           6             28            0.332459      0             0 
 590           7             29            0.290976      0             0 
 591           8             30            0.225543      0             0 
 592           9             31            0.252622      0             0 
 593           10            32            0.203985      0             0 
 594           11            33            0.156489      0             0 
 595           12            34            0.323624      0             0 
 596           17            39            0.181311      0             0 
 597           19            41            0.164084      0             0 
 598           20            42            0.172448      0             0 
 599           21            43            0.277062      0             0 
 600           22            44            0.191799      0             0 
 601           23            45            0.242271      0             0 
 602           24            46            0.264949      0             0 
 603           25            47            0.214175      0             0 
 604           26            48            0.216204      0             0 
 605           27            49            0.237557      0             0 
 606           28            50            0.403612      0             0 
 607           29            51            0.277325      0             0 
 608           30            52            0.254158      0             0 
 609           31            53            0.256685      0             0 
 610           32            54            0.236892      0             0 
 611           33            55            0.182453      0             0 
 612           34            56            0.169595      0             0 
 613           39            61            0.26415       0             0 
 614           42            64            0.212661      0             0 
 615           1             27            0.218327      0             0 
 616           2             28            0.316431      0             0 
 617           3             29            0.318015      0             0 
 618           4             30            0.156186      0             0 
 619           5             31            0.28607       0             0 
 620           6             32            0.219059      0             0 
 621           7             33            0.179727      0             0 
 622           8             34            0.306261      0             0 
 623           13            39            0.306604      0             0 
 624           15            41            0.183437      0             0 
 625           16            42            0.203882      0             0 
 626           17            43            0.179957      0             0 
 627           18            44            0.233915      0             0 
 628           19            45            0.241352      0             0 
 629           20            46            0.201691      0             0 
 630           21            47            0.263457      0             0 
 631           22            48            0.219299      0             0 
 632           23            49            0.233706      0             0 
 633           24            50            0.302509      0             0 
 634           25            51            0.199134      0             0 
 635           26            52            0.204317      0             0 
 636           27            53            0.238286      0             0 
 637           28            54            0.376876      0             0 
 638           29            55            0.304392      0             0 
 639           30            56            0.132754      0             0 
 640           34            60            0.310378      0             0 
 641           1             31            0.231559      0             0 
 642           2             32            0.209716      0             0 
 643           3             33            0.185012      0             0 
 644           4             34            0.196529      0             0 
 645           9             39            0.339701      0             0 
 646           11            41            0.179185      0             0 
 647           12            42            0.237305      0             0 
 648           13            43            0.311867      0             0 
 649           14            44            0.232511      0             0 
 650           15            45            0.283989      0             0 
 651           16            46            0.244881      0             0 
 652           17            47            0.174455      0             0 
 653           18            48            0.288048      0             0 
 654           19            49            0.232781      0             0 
 655           20            50            0.225895      0             0 
 656           21            51            0.242159      0             0 
 657           22            52            0.205967      0             0 
 658           23            53            0.235073      0             0 
 659           24            54            0.287044      0             0 
 660           25            55            0.212997      0             0 
 661           26            56            0.120206      0             0 
 662           30            60            0.226419      0             0 
 663           31            61            0.207909      0             0 
 664           32            62            0.171198      0             0 
 665           34            64            0.276915      0             0 
 666           1             39            0.303409      0             0 
 667           3             41            0.211011      0             0 
 668           4             42            0.159206      0             0 
 669           5             43            0.41078       0             0 
 670           6             44            0.281836      0             0 
 671           7             45            0.327682      0             0 
 672           8             46            0.278279      0             0 
 673           9             47            0.323762      0             0 
 674           10            48            0.32349       0             0 
 675           11            49            0.264263      0             0 
 676           12            50            0.342876      0             0 
 677           13            51            0.268001      0             0 
 678           14            52            0.26113       0             0 
 679           15            53            0.273484      0             0 
 680           16            54            0.26348       0             0 
 681           17            55            0.177641      0             0 
 682           18            56            0.142306      0             0 
 683           22            60            0.188855      0             0 
 684           23            61            0.194603      0             0 
 685           24            62            0.194817      0             0 
 686           26            64            0.171754      0             0 
 687           1             43            0.30945       0             0 
 688           2             44            0.269273      0             0 
 689           3             45            0.358168      0             0 
 690           4             46            0.18419       0             0 
 691           5             47            0.380284      0             0 
 692           6             48            0.358232      0             0 
 693           7             49            0.312444      0             0 
 694           8             50            0.323091      0             0 
 695           9             51            0.293408      0             0 
 696           10            52            0.294992      0             0 
 697           11            53            0.26436       0             0 
 698           12            54            0.323614      0             0 
 699           13            55            0.294207      0             0 
 700           14            56            0.138557      0             0 
 701           18            60            0.234645      0             0 
 702           19            61            0.193109      0             0 
 703           20            62            0.155954      0             0 
 704           22            64            0.178977      0             0 
 705           1             28            0.293912      0             0 
 706           2             29            0.290496      0             0 
 707           3             30            0.269694      0             0 
 708           4             31            0.157447      0             0 
 709           5             32            0.237861      0             0 
 710           6             33            0.179502      0             0 
 711           7             34            0.35642       0             0 
 712           12            39            0.302764      0             0 
 713           14            41            0.177818      0             0 
 714           15            42            0.227994      0             0 
 715           16            43            0.253905      0             0 
 716           17            44            0.158869      0             0 
 717           18            45            0.277938      0             0 
 718           19            46            0.243121      0             0 
 719           20            47            0.201496      0             0 
 720           21            48            0.278018      0             0 
 721           22            49            0.206915      0             0 
 722           23            50            0.270383      0             0 
 723           24            51            0.238445      0             0 
 724           25            52            0.209024      0             0 
 725           26            53            0.207556      0             0 
 726           27            54            0.263139      0             0 
 727           28            55            0.334537      0             0 
 728           29            56            0.152852      0             0 
 729           33            60            0.163705      0             0 
 730           34            61            0.279949      0             0 
 731           1             34            0.32536       0             0 
 732           6             39            0.350161      0             0 
 733           8             41            0.183721      0             0 
 734           9             42            0.261559      0             0 
 735           10            43            0.320808      0             0 
 736           11            44            0.233308      0             0 
 737           12            45            0.300852      0             0 
 738           13            46            0.296195      0             0 
 739           14            47            0.269229      0             0 
 740           15            48            0.294353      0             0 
 741           16            49            0.23813       0             0 
 742           17            50            0.193417      0             0 
 743           18            51            0.250142      0             0 
 744           19            52            0.230531      0             0 
 745           20            53            0.201106      0             0 
 746           21            54            0.288891      0             0 
 747           22            55            0.210379      0             0 
 748           23            56            0.1318        0             0 
 749           27            60            0.210304      0             0 
 750           28            61            0.257296      0             0 
 751           29            62            0.21881       0             0 
 752           31            64            0.206145      0             0 
 753           2             41            0.20068       0             0 
 754           3             42            0.275989      0             0 
 755           4             43            0.185903      0             0 
 756           5             44            0.314768      0             0 
 757           6             45            0.34298       0             0 
 758           7             46            0.319892      0             0 
 759           8             47            0.276273      0             0 
 760           9             48            0.346529      0             0 
 761           10            49            0.298534      0             0 
 762           11            50            0.308401      0             0 
 763           12            51            0.266234      0             0 
 764           13            52            0.286368      0             0 
 765           14            53            0.267833      0             0 
 766           15            54            0.306054      0             0 
 767           16            55            0.239598      0             0 
 768           17            56            0.107203      0             0 
 769           21            60            0.226758      0             0 
 770           22            61            0.178628      0             0 
 771           23            62            0.184635      0             0 
 772           25            64            0.175171      0             0 
 773           1             46            0.294186      0             0 
 774           2             47            0.312551      0             0 
 775           3             48            0.369661      0             0 
 776           4             49            0.183108      0             0 
 777           5             50            0.47459       0             0 
 778           6             51            0.300236      0             0 
 779           7             52            0.30781       0             0 
 780           8             53            0.275063      0             0 
 781           9             54            0.367258      0             0 
 782           10            55            0.302691      0             0 
 783           11            56            0.144857      0             0 
 784           15            60            0.239612      0             0 
 785           16            61            0.195447      0             0 
 786           17            62            0.140695      0             0 
 787           19            64            0.191319      0             0 
 788           1             52            0.284162      0             0 
 789           2             53            0.312176      0             0 
 790           3             54            0.394703      0             0 
 791           4             55            0.184441      0             0 
 792           5             56            0.163448      0             0 
 793           9             60            0.273178      0             0 
 794           10            61            0.234442      0             0 
 795           11            62            0.200277      0             0 
 796           13            64            0.226353      0             0 
 797           3             60            0.288672      0             0 
 798           4             61            0.155477      0             0 
 799           5             62            0.255276      0             0 
 800           7             64            0.242229      0             0 
 801           1             64            0.227387      0             0 
 802           1             13            0.262781      0             0 
 803           2             14            0.252932      0             0 
 804           3             15            0.285889      0             0 
 805           4             16            0.147626      0             0 
 806           5             17            0.179387      0             0 
 807           6             18            0.271814      0             0 
 808           7             19            0.224901      0             0 
 809           8             20            0.175624      0             0 
 810           9             21            0.255705      0             0 
 811           10            22            0.19444       0             0 
 812           11            23            0.199844      0             0 
 813           12            24            0.235248      0             0 
 814           13            25            0.196244      0             0 
 815           14            26            0.174933      0             0 
 816           15            27            0.208524      0             0 
 817           16            28            0.242794      0             0 
 818           17            29            0.1649        0             0 
 819           18            30            0.219321      0             0 
 820           19            31            0.195947      0             0 
 821           20            32            0.148914      0             0 
 822           21            33            0.162221      0             0 
 823           22            34            0.228142      0             0 
 824           27            39            0.247242      0             0 
 825           29            41            0.19569       0             0 
 826           30            42            0.218637      0             0 
 827           31            43            0.271863      0             0 
 828           32            44            0.195143      0             0 
 829           33            45            0.18833       0             0 
 830           34            46            0.380599      0             0 
 831           39            51            0.312428      0             0 
 832           41            53            0.207018      0             0 
 833           42            54            0.294375      0             0 
 834           43            55            0.355954      0             0 
 835           44            56            0.144445      0             0 
 836           48            60            0.300355      0             0 
 837           49            61            0.254003      0             0 
 838           50            62            0.266248      0             0 
 839           52            64            0.24649       0             0 
 840           1             21            0.237763      0             0 
 841           2             22            0.200767      0             0 
 842           3             23            0.240148      0             0 
 843           4             24            0.157023      0             0 
 844           5             25            0.232557      0             0 
 845           6             26            0.204122      0             0 
 846           7             27            0.230834      0             0 
 847           8             28            0.2769        0             0 
 848           9             29            0.298485      0             0 
 849           10            30            0.243071      0             0 
 850           11            31            0.212305      0             0 
 851           12            32            0.199488      0             0 
 852           13            33            0.168995      0             0 
 853           14            34            0.294666      0             0 
 854           19            39            0.245155      0             0 
 855           21            41            0.173969      0             0 
 856           22            42            0.182128      0             0 
 857           23            43            0.247736      0             0 
 858           24            44            0.230636      0             0 
 859           25            45            0.214633      0             0 
 860           26            46            0.20955       0             0 
 861           27            47            0.240804      0             0 
 862           28            48            0.35761       0             0 
 863           29            49            0.30147       0             0 
 864           30            50            0.302205      0             0 
 865           31            51            0.238989      0             0 
 866           32            52            0.214226      0             0 
 867           33            53            0.184287      0             0 
 868           34            54            0.434672      0             0 
 869           41            61            0.177978      0             0 
 870           42            62            0.199092      0             0 
 871           44            64            0.221175      0             0 
 872           1             29            0.270477      0             0 
 873           2             30            0.251311      0             0 
 874           3             31            0.267338      0             0 
 875           4             32            0.145515      0             0 
 876           5             33            0.194608      0             0 
 877           6             34            0.377928      0             0 
 878           11            39            0.276629      0             0 
 879           13            41            0.189748      0             0 
 880           14            42            0.221544      0             0 
 881           15            43            0.291883      0             0 
 882           16            44            0.213601      0             0 
 883           17            45            0.1783        0             0 
 884           18            46            0.273338      0             0 
 885           19            47            0.233589      0             0 
 886           20            48            0.208218      0             0 
 887           21            49            0.259881      0             0 
 888           22            50            0.237271      0             0 
 889           23            51            0.217216      0             0 
 890           24            52            0.256097      0             0 
 891           25            53            0.215724      0             0 
 892           26            54            0.224491      0             0 
 893           27            55            0.241392      0             0 
 894           28            56            0.157557      0             0 
 895           32            60            0.194548      0             0 
 896           33            61            0.152601      0             0 
 897           34            62            0.25614       0             0 
 898           3             39            0.363717      0             0 
 899           5             41            0.223646      0             0 
 900           6             42            0.267721      0             0 
 901           7             43            0.339101      0             0 
 902           8             44            0.242491      0             0 
 903           9             45            0.334935      0             0 
 904           10            46            0.305673      0             0 
 905           11            47            0.266638      0             0 
 906           12            48            0.309991      0             0 
 907           13            49            0.289321      0             0 
 908           14            50            0.311011      0             0 
 909           15            51            0.253121      0             0 
 910           16            52            0.23451       0             0 
 911           17            53            0.175627      0             0 
 912           18            54            0.300643      0             0 
 913           19            55            0.237335      0             0 
 914           20            56            0.122353      0             0 
 915           24            60            0.226612      0             0 
 916           25            61            0.175484      0             0 
 917           26            62            0.159761      0             0 
 918           28            64            0.253354      0             0 
 919           1             45            0.300172      0             0 
 920           2             46            0.317441      0             0 
 921           3             47            0.34565       0             0 
 922           4             48            0.193039      0             0 
 923           5             49            0.370152      0             0 
 924           6             50            0.401594      0             0 
 925           7             51            0.285323      0             0 
 926           8             52            0.268268      0             0 
 927           9             53            0.327844      0             0 
 928           10            54            0.338893      0             0 
 929           11            55            0.266997      0             0 
 930           12            56            0.148201      0             0 
 931           16            60            0.210071      0             0 
 932           17            61            0.14996       0             0 
 933           18            62            0.200789      0             0 
 934           20            64            0.164905      0             0 
 935           1             53            0.296046      0             0 
 936           2             54            0.354924      0             0 
 937           3             55            0.347839      0             0 
 938           4             56            0.113305      0             0 
 939           8             60            0.23947       0             0 
 940           9             61            0.246026      0             0 
 941           10            62            0.217697      0             0 
 942           12            64            0.225848      0             0 
 943           1             61            0.228505      0             0 
 944           2             62            0.223232      0             0 
 945           4             64            0.156142      0             0 
