2.93039635693696e+01
2.97904994809831e+02
2.28179234281033e+02
3.25225552714145e+02
3.64162607219715e+02
2.98291736269469e+02
2.98275179271937e+02
3.92949079142894e+02
2.93047201429492e+02
4.15613683136169e+02
3.79982675623410e+02
3.13819469598010e+02
6.94841970023811e+02
8.49196656332960e+02
2.88543974955174e+02
1.66061444409488e+02
8.00620210855950e+02
1.45623825884678e+03
1.22137974755997e+03
2.28843499923344e+02
2.00174877690446e+02
2.40693702914910e+03
6.16158703158393e+02
6.35806947802886e+02
4.79013790650730e+02
3.77726973806831e+02
4.59149067693778e+02
1.00665959316289e+03
5.77117720005187e+02
6.36360061910056e+02
3.10817976097590e+02
2.59140655299573e+02
2.30527354309477e+02
3.01047360939240e+02
2.27931950285415e+02
2.91267563692532e+02
2.70951468452669e+02
2.67634997267446e+02
2.26528836092656e+02
2.67168081822935e+02
3.77451310054907e+02
2.95851445014891e+02
3.63360875952240e+02
2.50023576566039e+01
3.89246725338779e+01
4.06820628562665e+01
3.43067222037042e+01
3.09271581461842e+01
5.37942510764907e+01
6.60911842786845e+01
3.53926589417809e+01
4.75700494148556e+01
6.01518741596503e+01
6.09528041796272e+01
4.63577527795661e+01
5.05911593135433e+01
1.82576637209578e+01
6.01546195126473e+01
6.06793119530937e+01
1.19013049269939e+02
1.34449327063280e+01
2.03539592971019e+02
-5.89283253526393e+01
1.18243288960457e+02
3.13260850724647e+01
7.81844250515375e+01
1.21115889960892e+02
9.36575779248233e+01
4.15044010331865e+01
7.35604867028235e+00
-1.71344098572887e+01
4.75444131422980e+01
6.08994540868808e+02
6.67213188023235e+01
2.50022992324053e+01
4.71259216681655e+01
3.88788412193847e+01
3.90102673353044e+01
3.05608973306697e+01
3.29347482517301e+01
5.81199901762338e+01
5.34419209640189e+01
3.76250266794569e+01
3.42849028342738e+01
1.52439650529682e+01
3.59066828775802e+01
2.29646503714915e+01
2.94758122202420e+01
4.54076088596711e+01
2.49560652584108e+01
3.22865459480766e+01
5.36755047693836e+01
3.18827675749293e+01
2.22407199816356e+01
4.99247055550901e+01
1.13086741032654e+02
1.49833212162509e+01
8.06292986394431e+01
-2.34602410673737e+01
8.15744725157778e+01
7.65434661458552e+01
3.34553230962209e+01
7.32996880924025e+01
5.08445061761458e+01
1.04185246724796e+02
5.54127543742567e+01
9.62421933929868e+01
9.54593171148177e+01
2.09940187221879e+01
5.22330670351849e+01
6.99798039673150e+01
2.28024770955720e+01
4.42864152006280e+01
2.53444599717582e+01
2.63232716063428e+01
2.50340519785143e+01
4.82606758343979e+01
4.46497696832256e+01
1.87817154272994e+01
5.09309272619933e+01
3.62963931736920e+01
2.67198726749226e+01
4.41190794554566e+01
2.63419425658636e+01
4.29705743324052e+01
6.34681158892286e+01
3.43241949409373e+01
2.58369767386094e+01
6.65282099745176e+01
1.21965567219561e+02
1.14488443720401e+02
1.00199530581291e+02
3.55547098793701e+01
7.82434715383599e+01
9.53862805174355e+01
1.11615182679203e+02
9.80620197167773e+01
9.63780649190601e+01
1.11507850590308e+02
6.49839699388305e+01
1.06729928898231e+02
1.05172651221616e+02
6.99782880828862e+01
2.92189590512116e+01
4.86060957310847e+01
2.76937925041704e+01
3.09087242873734e+01
2.86307529566893e+01
4.07921369664993e+01
5.31508966555672e+01
2.19022103319926e+03
6.44299814117566e+01
4.40996477074384e+01
2.67045547168207e+01
4.88869734508184e+01
3.52906598100880e+01
4.23914640518229e+01
6.45976858636666e+01
4.71179999537939e+01
2.78868200935319e+01
5.81638621547871e+01
2.18488511726098e+02
1.67042865436793e+02
1.20497627123192e+02
9.77727113368080e+01
1.02987543312028e+02
1.66192672262637e+02
1.09024820006571e+02
1.27309429549422e+02
4.28650747470714e+02
1.11610625579147e+02
5.18142479416332e+01
3.37610330497088e+01
3.56764155950312e+01
2.40133265232189e+01
4.87102432189225e+01
1.23899168410460e+02
8.10555279929406e+01
5.05140106022846e+01
3.40513894649872e+01
6.09436515656920e+01
4.47891954941298e+01
6.48164543657540e+01
5.18326416540316e+01
2.55593262906149e+01
8.92645566264129e+01
2.70906325186237e+02
1.45676656611055e+02
1.28028756349935e+02
1.47172512690828e+02
1.77726640792537e+02
1.32892389591304e+02
1.96034689857137e+02
3.90497959991824e+01
3.78737246902196e+01
3.37114424834551e+01
2.69052573191367e+01
8.76866461394920e+01
6.06844352671057e+01
8.00197629246524e+01
4.30760098543814e+01
6.44080318515850e+01
3.48997451043219e+01
4.70253333299148e+01
7.25327255989440e+01
4.17662091284333e+01
3.16569508311839e+01
1.03003607758098e+02
3.07814144049006e+02
1.91398962477787e+02
1.75150787443054e+02
3.86195863703149e+01
6.72921187362441e+01
3.74207738716680e+01
5.07437781139910e+01
4.66281527348798e+01
6.80769236727008e+01
6.64317160347024e+01
4.05612575367679e+01
5.14846682912563e+01
5.97971641163852e+01
5.26785754505852e+01
1.12185211738543e+02
3.57034518325895e+02
2.74631823183542e+02
1.86741580064148e+02
2.10104808329405e+02
2.25076272543521e+02
2.71081291858393e+02
2.42355926254384e+02
1.29796836608916e+02
9.20140037657791e+01
1.68314181002426e+02
1.83164874792284e+02
1.34615162487473e+02
3.62428292325766e+01
5.00549012191233e+01
1.21716689307066e+02
3.18916875806321e+01
5.50485658553583e+01
9.90316105915697e+01
4.74605129489356e+01
7.32263460206878e+01
5.10758023098684e+01
1.22766664400542e+02
3.72395049800801e+02
3.24296862477583e+02
2.06263673160282e+02
2.42667065351216e+02
2.61604953920342e+02
2.16347102058707e+02
9.29792875735920e+01
1.18704977311585e+02
4.53744352104747e+02
2.81706605731136e+02
1.45332315765051e+02
4.04443770246793e+01
4.43220908691916e+01
5.35432242596426e+01
1.12486552237734e+02
7.97328307149903e+01
3.66467663472591e+01
5.99181296838125e+01
8.04827572107138e+01
5.41455529519700e+01
1.27034694114565e+02
4.16223935826806e+02
3.54912739498673e+02
2.70824599334703e+02
2.93571156571129e+02
4.21790085550402e+02
2.88585212562203e+02
1.52177901268612e+02
4.08771265039728e+01
4.93625754477120e+01
4.81816651027441e+01
9.30009301546081e+01
5.74019601670494e+01
9.06897935093729e+01
7.04071828122856e+01
3.05125183840256e+01
2.50164379418684e+01
2.34975418786753e+01
3.45927527260092e+01
3.90200115708266e+01
3.77933428025981e+01
5.45295936299571e+01
4.13418462799542e+01
3.05348799138082e+01
6.60007494736424e+01
5.28302514527943e+01
3.11909915272546e+01
7.77059386893135e+01
3.82124702497519e+01
2.45553008664235e+01
9.05241893943643e+01
4.30426782726100e+01
4.01233243023615e+01
1.01625159013510e+02
8.76958500053697e+01
1.25506786543642e+01
1.26500604953722e+02
4.53193432379625e+01
6.78641565770508e+01
1.25157679874879e+02
3.98032789615731e+01
2.75966025979099e+01
2.60072382490191e+01
4.97737085484428e+01
4.29593156541311e+02
4.34677733163808e+01
3.29341867878618e+01
3.93617042599980e+01
3.97253971612394e+01
3.04477387120926e+01
3.72151230111659e+01
4.47733136876908e+01
5.14631153540156e+01
3.12408019594410e+01
3.91889988481144e+01
4.97410286775010e+01
3.34581330843451e+01
3.21108060812737e+01
3.88526004934049e+01
3.60275151001074e+01
5.11315450365952e+01
5.32180985048608e+01
3.48075477322834e+01
4.70181689687090e+01
1.04490697247134e+02
1.52269755184463e+02
6.84420529540857e+01
1.44811223231644e+02
9.83901208174125e+01
1.48975401746145e+02
8.31955868398930e+01
1.11618723640539e+02
7.48906034487280e+01
4.27422466204659e+01
3.88837045226221e+01
3.25679753220555e+01
3.05400292889019e+01
3.54731629305424e+01
4.68186675496317e+01
1.36695301968336e+03
4.78135237471460e+01
5.19252221103074e+01
4.70514137702666e+01
3.79067114083698e+01
5.69451722449299e+01
5.78836465649751e+01
3.76424817452313e+01
6.23250212107620e+01
1.98107026759420e+02
2.53102333269920e+02
1.93464650741143e+02
1.36105408623674e+02
1.70262810582978e+02
1.89390865319187e+02
2.11979500866147e+02
1.58796407456898e+02
1.41008521199634e+02
1.55997211627066e+02
1.10928829215227e+02
8.51109850868955e+01
2.77932525774329e+02
5.59225157138914e+01
5.44119845715366e+01
3.53777925939061e+01
3.12630312156065e+01
6.84454597474248e+01
5.48111501567571e+01
7.79844784012369e+01
5.62563634283750e+01
4.85844451625691e+01
5.19190901612706e+01
6.00105259343740e+01
4.40820956528448e+01
7.33169685673069e+01
2.50718238684928e+02
3.20619415857769e+02
2.48462521438417e+02
2.06974014064898e+02
2.36402330327094e+02
2.65604441048320e+02
2.68741068508968e+02
1.65529671954886e+02
1.19730415655374e+02
5.09221206552190e+01
4.09927258510153e+01
5.06766352543826e+01
1.16682745877880e+02
5.41517686008892e+01
4.47328521922770e+01
9.25032264093701e+01
7.29585910711893e+01
6.99535045768047e+01
4.61303295227270e+01
8.23707474635614e+01
2.91782546054423e+02
3.94588761916361e+02
2.98975270014237e+02
2.57180111734678e+02
2.90027801545239e+02
2.62005425482907e+02
2.06840264040636e+02
1.07858974242404e+02
1.51814342100257e+02
3.47737218177663e+02
2.29727956038972e+02
5.97287325660454e+01
4.61140566539760e+01
5.06314902380832e+01
6.41674831086038e+01
6.44452417766112e+01
5.63768888869460e+01
5.89931841581495e+01
5.51535531600275e+01
1.01527473505300e+02
3.34417618265671e+02
4.53623040264695e+02
3.29878775893160e+02
2.71155313423612e+02
1.42172183558478e+02
3.23362929703569e+02
3.72130416007896e+02
2.16007699457063e+02
6.89320400068597e+01
5.10363297941051e+01
5.28005042648778e+01
7.35573322673392e+01
3.73177550166989e+02
4.16280809385516e+02
2.70338798834272e+02
2.22650267001380e+02
9.75892401220111e+01
1.10939022282237e+02
3.35785587866679e+02
2.10644441163494e+02
7.77268719379784e+01
7.56509295036349e+01
4.04459880726620e+01
5.06784234991865e+01
4.96673834342412e+01
1.59161735751894e+02
1.29940518291405e+02
1.01848555672196e+02
7.16943607426106e+01
1.04052418644880e+02
1.09587752395032e+02
1.29471642185202e+02
2.50467109670501e+02
2.62939771891578e+02
1.51479848615696e+02
7.68675006150217e+01
7.68686363384651e+01
5.50309976545492e+01
2.52243868444098e+02
1.73741694793192e+02
1.33196883446842e+02
1.21675301337129e+02
1.40540610822153e+02
2.73066399137264e+02
2.94881593485298e+02
1.53737452445145e+02
6.12002517532615e+01
6.59412642084280e+01
7.38214731773436e+01
1.93638677230436e+02
1.34522267304874e+02
1.42837861290138e+02
1.22959535467903e+02
2.88029371280862e+02
3.04704477193015e+02
1.60776669155826e+02
6.83208938017189e+01
3.48402192057481e+01
3.23136129631898e+01
4.01806343775172e+01
3.48405080987546e+01
2.87434686232686e+01
3.28388815450253e+01
3.93645791628513e+01
4.46654679562510e+01
4.37780538127993e+01
3.74375653859501e+01
9.14888800333559e+01
6.68035543772653e+01
1.06003883651033e+02
4.47889641252556e+01
7.80635380097892e+01
7.99116797500690e+01
9.79540653459219e+01
9.96603259839795e+01
4.09136726607368e+01
1.21467327575165e+02
8.79266607630273e+01
8.81041536903673e+01
9.16989314829091e+01
7.60957588213717e+01
5.21268812380510e+01
6.01221545690545e+01
5.89088847264803e+01
3.58801592433279e+01
3.44767399108160e+01
2.80035642385082e+01
4.01076435814142e+01
3.69874130478689e+01
3.55369554213866e+01
5.92283164262589e+01
4.51626314402297e+01
4.43725805309884e+01
4.72294492820737e+01
5.57826022414135e+01
4.35927358080486e+01
6.25235809437246e+01
1.54286864004731e+02
2.15971488644894e+02
2.36302699065620e+02
1.71469511444849e+02
1.71982394360479e+02
2.03920297880793e+02
2.11371141820748e+02
1.18471749753402e+02
2.58802230872071e+02
5.05886655220073e+01
5.23297406725291e+01
3.39143188024228e+01
8.35211187507686e+01
4.42469722126941e+01
7.27801796756752e+01
6.19985176005663e+01
6.37154933487981e+01
5.47675500217867e+01
7.44708260814524e+01
1.92800758081277e+02
2.97322842280038e+02
3.27824651002982e+02
2.76209317373307e+02
2.58454092080880e+02
2.96172283576408e+02
2.45822159434345e+02
1.38713482114425e+02
2.80750610056141e+02
3.19984350097093e+02
5.25268520668756e+01
4.72715652736966e+01
5.89918090453460e+01
5.93548421618646e+01
8.36789378688055e+01
6.66176049359532e+01
6.67831353554814e+01
9.49365920967706e+01
2.51095359912419e+02
3.72686338750735e+02
3.84431429611159e+02
2.40961198706576e+02
2.58344233306404e+02
2.25594263976262e+02
3.06634727262739e+02
3.04999971156862e+02
6.53791895831471e+01
5.33298700474495e+01
6.27265635364886e+01
4.70244050992414e+01
3.35661993155338e+02
1.00351872158178e+02
1.22328869209287e+02
1.93004831295210e+02
2.19612152439203e+02
2.16768638801121e+02
8.93370716455872e+01
5.94134108328648e+01
6.09497121738720e+01
5.42503980068947e+01
1.06338911987031e+02
1.06765586373832e+02
1.14660510861188e+02
1.40884141292762e+02
2.21246355089132e+02
2.54016961676503e+02
2.32557704237493e+02
6.39954313930364e+01
7.21117171106226e+01
1.82404505213752e+02
1.23374000546514e+02
1.15999242042644e+02
1.04647992945989e+02
1.22122521754021e+02
1.49529986556929e+02
2.38646688774658e+02
2.70433714478779e+02
2.45446831101215e+02
1.31887587317223e+02
1.52670471993888e+02
2.38524913706769e+02
2.07585409841301e+02
4.25535188944118e+01
4.33832561582035e+01
3.51769259643252e+01
3.78350243669349e+01
4.53330439183036e+01
3.70845843386221e+01
4.76344179245669e+01
6.05365626968744e+01
7.89186975471302e+01
1.26771016042840e+02
1.53701583348722e+02
1.23602677251699e+02
1.49981656958134e+02
1.13178362073237e+02
7.39490085721336e+01
7.14699659151161e+01
4.21893210952487e+01
3.95435212487628e+01
3.49420470263936e+01
9.32976814457241e+02
6.07928407816616e+01
5.34648117469203e+01
5.59916876088142e+01
5.24080448709906e+01
7.13631848647142e+01
1.63699917607691e+02
2.12988972132818e+02
2.66728215883869e+02
2.89442267083100e+02
2.60436070333468e+02
2.67233135224977e+02
2.84066621002752e+02
2.07043039542754e+02
1.32712345282322e+02
5.09231468627424e+01
5.29531930851425e+01
5.82303868604879e+01
5.35328007568108e+01
6.11113639579774e+01
7.79423447805668e+01
2.17653479037711e+02
3.07063769987856e+02
3.42294973374121e+02
3.05846201094076e+02
2.39950930810548e+02
2.27218481672415e+02
2.73422729050104e+02
6.44466282651219e+01
7.64730624984264e+01
4.23292449805354e+01
4.68687737690496e+01
1.98278251852845e+02
1.37774697813433e+02
1.42176379761794e+02
1.14647045925960e+02
1.04702528405783e+02
9.36040876933255e+01
1.83971673836696e+02
2.07423158518795e+02
2.08959826153798e+02
6.98414946721567e+01
6.58631784621825e+01
6.33907038889436e+01
1.73799191075257e+02
1.30768556041536e+02
1.15137955183832e+02
1.21451235629164e+02
2.10563053078723e+02
2.29743120223967e+02
2.31414539658589e+02
1.44046891391634e+02
2.14728570995545e+02
2.20799037600168e+02
2.11688955363119e+02
