2.45069599707495e+01
2.65037530698272e+02
2.55001861546434e+02
3.58678676205420e+02
3.63742763739193e+02
3.47463755431835e+02
2.95408808885397e+02
3.39832003730296e+02
2.72353934872585e+02
3.25315324028956e+02
3.83458370744803e+02
4.71407935579669e+02
3.67437313475298e+02
5.39756810714631e+02
6.49842759934151e+02
2.00677626429477e+03
7.94043398295717e+02
1.18836030573864e+02
2.88050072412954e+02
1.94947396076069e+03
1.06594180406037e+03
3.43920805508034e+02
7.10154347623624e+02
8.16976662841842e+02
2.64801961651395e+02
3.94413840008759e+02
3.89359281591522e+02
2.85206489433639e+02
8.08606145518477e+02
1.42332549367444e+03
5.14723064004675e+02
7.01219746026431e+02
2.49023775878679e+02
2.93491300224835e+02
2.25783934973364e+02
2.98933931847969e+02
2.30293663391511e+02
2.55393752418865e+02
2.71496739394709e+02
2.78156120265387e+02
3.59491498787219e+02
2.94611252455267e+02
4.51036461334109e+02
2.64185647634724e+01
4.19715447615285e+01
4.60592954236261e+01
5.60641055197888e+01
2.91790850933142e+01
4.65425773971906e+01
2.67930591498364e+01
3.88613384171098e+01
5.16295006448872e+01
2.93955658295117e+01
1.80966590562443e+01
3.72542137574484e+01
7.39297699880813e+01
1.18367762158493e+02
3.42811401754561e+01
1.76764709547891e+02
1.26193717972702e+01
9.13452283640716e+01
8.42601379745201e+01
7.06855391447335e+01
3.78441535681509e+01
1.31582662066036e+02
1.93498930958232e+01
6.22063573139134e+01
4.02223900174671e+01
7.18630518415386e+01
1.02299562446509e+02
2.08659747194124e+02
5.78064150193429e+01
5.98198752856380e+02
6.33691716595109e+01
3.18469923995600e+01
4.77485280043243e+01
3.01857458911978e+01
3.23137503953020e+01
3.24394889498906e+01
4.58606714136778e+01
5.20204438653191e+01
5.02660861301730e+01
7.29973400938725e+01
3.45865908156032e+01
1.72803310885042e+01
3.77757897065665e+01
3.65362763765527e+01
2.90943875260372e+01
3.39035790888658e+01
1.89780558229725e+01
2.88462146780397e+01
2.68811849188356e+01
3.33798937047940e+01
1.62607980985279e+01
2.58054327607569e+01
9.77618088526232e+01
8.52536844813270e+01
7.24341483590845e+00
8.61478090478372e+01
1.06874240256420e+02
3.56704468218876e+01
1.12781834367129e+02
3.48416311882831e+01
6.93063872488778e+01
1.04168806094997e+02
3.79363098858565e+01
4.43228378205441e+01
5.28214287610656e+01
1.05935492127725e+02
5.64261888166094e+01
6.93707097373982e+01
2.01383157238753e+01
4.07623255707121e+01
2.55679979675556e+01
2.54850866218968e+01
2.40807514742856e+01
4.96224242557137e+01
4.44646414181048e+01
1.84427988096178e+01
5.32119820658669e+01
4.54447462139070e+01
2.14753750094115e+01
4.00176395012913e+01
2.74776718526105e+01
2.60922111140604e+01
4.96048844706102e+01
4.08895454553519e+01
1.05669496801551e+01
3.14933143773355e+01
1.44892698426495e+02
1.14018912639252e+02
8.51567513342925e+01
1.19725242488999e+02
6.74097135569667e+01
1.19555173093263e+02
1.46050165806529e+02
1.23770368766530e+02
5.23389576576977e+01
1.38598440057645e+02
1.00972343760138e+01
9.33761004923308e+01
9.43374088691096e+01
7.63074546826215e+01
2.46806381328161e+01
4.63146135570788e+01
2.75205738660030e+01
3.06998494365257e+01
2.63423423963607e+01
4.21348945701800e+01
6.16799617516869e+01
2.46804927273417e+03
6.73067204316414e+01
4.59061198277168e+01
2.57338354557745e+01
4.88762852342481e+01
2.42198233847774e+01
3.68862198195146e+01
5.87519073919116e+01
4.13743508500260e+01
1.85566489021628e+00
5.66838096086718e+01
2.06621289173610e+02
1.89947907061200e+02
1.20340032159361e+02
1.32036546630326e+02
1.22311372014755e+02
1.81969272803408e+02
8.55955269459281e+01
1.32109383741288e+02
6.09313958506817e+02
1.14954655928821e+02
5.14376606513761e+01
3.21389504663174e+01
3.28136947778277e+01
2.38865733205970e+01
5.55503204267126e+01
1.16616737411250e+02
1.26887967427688e+02
5.24914630387966e+01
3.48128979572495e+01
5.37815913848666e+01
4.14765455458616e+01
5.85386200485183e+01
3.49297864097135e+01
2.13644857595576e+01
6.81603023978111e+01
2.77529591682216e+02
1.37054754858637e+02
1.64344142433563e+02
1.58966860923331e+02
1.99417552242939e+02
1.17726685632576e+02
2.10070669545246e+02
3.82800535590795e+01
3.60282932993113e+01
3.14901568426700e+01
2.99206923092576e+01
7.84297699949079e+01
6.14863273589919e+01
9.93746891158005e+01
3.78413967232080e+01
6.09422470680014e+01
3.15851168323278e+01
4.25918657461113e+01
5.71369754236874e+01
4.33781511706724e+01
1.42231910176548e+01
9.47991116951259e+01
3.17466459529481e+02
2.00937016260531e+02
1.82079365642246e+02
4.04270319225017e+01
6.81809918573153e+01
3.91945191761855e+01
4.53099352926552e+01
4.49038552756325e+01
6.92801132015955e+01
6.40977024012991e+01
3.62690231409718e+01
3.99123438744359e+01
5.86303128933429e+01
4.18410993880033e+01
1.07867474232877e+02
3.57181142518312e+02
2.92048539159491e+02
1.91479442617148e+02
2.28955107960173e+02
2.33537934649878e+02
2.84212699349729e+02
2.49362356744929e+02
1.37726041209689e+02
9.20496467303631e+01
1.84014408198996e+02
1.81702948549341e+02
1.57310885245606e+02
3.38127789967087e+01
5.17967869099744e+01
1.17078807795753e+02
3.10132653822133e+01
5.35583014350880e+01
1.16578231524276e+02
4.68664092524804e+01
6.34856981109657e+01
4.80819285209476e+01
1.14037052878531e+02
3.79538356256847e+02
3.38775249169409e+02
2.11920346878736e+02
2.55572202862805e+02
2.67471683178703e+02
2.27432308065983e+02
1.00070907416328e+02
1.13139322066818e+02
4.56095667552323e+02
2.80513439090749e+02
1.76984000027168e+02
3.75968242566304e+01
4.45463951182867e+01
5.42103623276615e+01
1.06145874104241e+02
8.04406555494659e+01
3.58900697507829e+01
5.24324980213256e+01
7.73929797872375e+01
5.26292073687816e+01
1.23988408452108e+02
4.23718639874805e+02
3.68466861165220e+02
2.78810332555167e+02
2.94960458519309e+02
4.32712386642529e+02
2.82123700237976e+02
1.86838692925990e+02
3.40929088084749e+01
4.92223203867233e+01
4.77371536340732e+01
9.27067922749384e+01
5.33691574621444e+01
9.20394002719852e+01
6.80160118165456e+01
2.93885298165030e+01
2.29941175178389e+01
3.18196419012630e+01
4.75520212503245e+01
3.76461476225749e+01
4.26945847737608e+01
2.93467384315118e+01
2.59099848543127e+01
4.19957042373531e+01
1.82093676997933e+01
3.66721958276219e+01
4.12084695051735e+01
3.42285302433526e+01
1.06183682373863e+02
7.73577680580815e+01
1.11152421482037e+02
3.76382605756783e+01
1.11014473492025e+02
9.82238418506027e+00
1.09319324750436e+02
1.01576510034411e+02
2.93138076132904e+01
1.20053305438133e+02
1.92282813404860e+01
2.86458758800069e+01
5.95514757466722e+01
1.07178773377153e+02
1.61824347975979e+02
5.38733671159009e+01
4.23242400103187e+02
4.36884874036569e+01
3.35193868368872e+01
3.34410778113685e+01
3.86790978395536e+01
2.86175059380354e+01
3.91044282828620e+01
4.61893581825819e+01
5.22360613970987e+01
5.92133135479089e+01
4.18594608912229e+01
5.41955472788532e+01
3.07758747158223e+01
3.19775774011707e+01
3.77519981081000e+01
2.31952789858903e+01
4.29748053634176e+01
4.70360149365742e+01
2.63658170521107e+01
2.13733656863921e+01
1.06343378968931e+02
1.51549737161310e+02
1.16912855617411e+02
1.48144539936697e+02
1.19585429583614e+02
9.70897784153515e+01
4.81770755751692e+01
1.05107065105990e+02
8.31585897326363e+01
3.99394148620929e+01
3.74557589961751e+01
3.20288894549552e+01
2.91284668822584e+01
3.47648012088778e+01
5.47429332086116e+01
1.52866564473604e+03
4.84634246738189e+01
4.68521813909010e+01
4.23938749807111e+01
3.46213964640637e+01
5.20584691121788e+01
4.09136069323353e+01
3.59009460906337e+01
4.45571697694957e+01
1.94352685798391e+02
2.71247984814858e+02
1.94423116278163e+02
1.62480628277243e+02
1.74129073685122e+02
2.19911720246044e+02
2.19044914878144e+02
1.76327428685620e+02
1.42186992891158e+02
1.46411451616338e+02
1.18875926304569e+02
6.77422713712059e+01
2.89284983108668e+02
4.36300848600763e+01
5.45032700680330e+01
3.43021720905507e+01
3.33208300727296e+01
6.09772191329080e+01
5.35644087854543e+01
8.87788240409325e+01
5.24284729892560e+01
3.74710448770453e+01
5.16545352616110e+01
4.87742341154800e+01
3.93797093778054e+01
7.21894463457923e+01
2.43711678924129e+02
3.33422919948895e+02
2.58730860789061e+02
2.22109803335415e+02
2.38374090857452e+02
2.86000793727895e+02
2.67237266928255e+02
1.77630916770688e+02
1.23821975630511e+02
3.66386611481686e+01
3.95149353694203e+01
5.18721363887089e+01
1.11060612486249e+02
5.39096261059637e+01
4.41566296872238e+01
1.02010167919357e+02
7.07228268178946e+01
6.77498171783084e+01
3.98111801739110e+01
8.11464531142021e+01
2.92256449808430e+02
4.06178465284449e+02
3.07751588662370e+02
2.65045778271200e+02
2.85754297331126e+02
2.77498917686767e+02
2.12473583135741e+02
1.09741590227677e+02
1.52571918099203e+02
3.55484611431971e+02
2.40818428258743e+02
5.21491247696135e+01
4.06312525352491e+01
4.96063171782318e+01
6.51431895615937e+01
6.46453101620563e+01
5.62446365384415e+01
5.74448524179427e+01
5.24010861804310e+01
9.91864065094431e+01
3.35065154364757e+02
4.63571120530011e+02
3.35606385999330e+02
2.70849565031167e+02
1.43299159177428e+02
3.24454265873377e+02
3.77614892921039e+02
2.26627312672746e+02
6.10350673738809e+01
4.95932149650082e+01
5.26947698109358e+01
7.07571119264437e+01
3.70866842809394e+02
4.26095896354559e+02
2.78938819250916e+02
2.34092180325735e+02
9.74289321258890e+01
1.13329172224237e+02
3.43678382005500e+02
2.25944217436192e+02
6.69585708930625e+01
7.15010701956607e+01
3.69095603308292e+01
5.03821418563803e+01
4.91852724516392e+01
1.65657732746490e+02
1.29728556693829e+02
1.04888355207172e+02
7.14152917100242e+01
1.04573737759374e+02
1.10802717486555e+02
1.30208512945994e+02
2.54308494487854e+02
2.70816053555517e+02
1.65005990123956e+02
7.42542618181604e+01
7.72777660628394e+01
5.43242503690750e+01
2.54497831896511e+02
1.77991162053594e+02
1.33511536350655e+02
1.22758806468355e+02
1.40943250766946e+02
2.76368404779002e+02
3.01459398136929e+02
1.67800289414071e+02
5.87463206191559e+01
6.48844356284770e+01
7.28984405831553e+01
1.96239124847455e+02
1.34618710429428e+02
1.43080086346119e+02
1.22919214445663e+02
2.91429545896787e+02
3.11549552666862e+02
1.75062602447180e+02
6.57442129457355e+01
3.80129928952743e+01
3.84686308593941e+01
3.97627629830887e+01
3.10986152383730e+01
2.73745482475176e+01
3.34779902951147e+01
1.95400055605208e+01
3.08745696617338e+01
3.70691442511058e+01
3.39643053412978e+01
5.82468132541594e+01
9.38853859906341e+01
7.98600484366435e+01
1.10478399732125e+02
8.37703765179439e+01
9.46339037695084e+01
1.41776807398444e+02
8.84168085224027e+01
1.13812152469818e+02
6.70492730366438e+01
8.27518266831052e+01
5.72934638023464e+01
7.55083014594849e+01
7.61830606385824e+01
8.36660422372900e+01
6.79191374282893e+01
5.39477712799812e+01
3.18710906190403e+01
3.49101034772255e+01
2.99728048000095e+01
3.68275861363961e+01
3.45776528839728e+01
4.82760014422779e+01
5.42735583337334e+01
4.22608103859924e+01
4.10409930087973e+01
4.30237341641744e+01
4.01531798720830e+01
4.10014168299012e+01
4.83451396671815e+01
1.50022644949919e+02
2.23642612576276e+02
2.39034222364893e+02
1.98659752867331e+02
1.74616541207291e+02
2.22268487993644e+02
2.30313538831372e+02
1.12378802299737e+02
2.65454390532853e+02
4.11746044055713e+01
5.16000178471253e+01
3.66567958189738e+01
7.73815296873249e+01
4.28487629304256e+01
7.89188325476497e+01
5.42091465171674e+01
6.06044046613791e+01
5.16485748309667e+01
6.91823509882596e+01
1.93662737482199e+02
3.02821396720126e+02
3.36904215114701e+02
2.89378873415873e+02
2.58862652444993e+02
3.01485013637276e+02
2.57316910219080e+02
1.55493340971577e+02
2.82464704819396e+02
3.28743482398721e+02
4.48926860969349e+01
4.54130607921285e+01
5.91551567428472e+01
5.90946550404625e+01
7.87364095707947e+01
6.68892512207628e+01
6.57123028655248e+01
9.28809240405728e+01
2.51253900464222e+02
3.76995005680445e+02
3.89967248435783e+02
2.42669979421876e+02
2.71640842094597e+02
2.27462019772753e+02
3.07557726823080e+02
3.18260763715352e+02
5.85208413829925e+01
5.28211692121054e+01
5.84062263754683e+01
4.71842160639899e+01
3.51803550244876e+02
1.00601492751031e+02
1.23612919101360e+02
1.95533944519281e+02
2.23542746356659e+02
2.30073147603134e+02
8.73831314618353e+01
5.88382466282749e+01
6.06007667442102e+01
5.18846852685062e+01
1.06815387385952e+02
1.08535646929458e+02
1.15561688370750e+02
1.41676481122428e+02
2.23444387498329e+02
2.56859954812373e+02
2.45796440619582e+02
6.14411231786489e+01
6.97529542883254e+01
1.84142111848063e+02
1.23640325055050e+02
1.17849690318259e+02
1.04650327086499e+02
1.22718207738749e+02
1.49595892181953e+02
2.40866952651702e+02
2.73275822415941e+02
2.59130250740545e+02
1.32280788243216e+02
1.52892354206994e+02
2.41975247578479e+02
2.20348079911668e+02
3.86131201244038e+01
4.18511907867924e+01
3.79378026701545e+01
2.83760115725239e+01
3.89972610867407e+01
3.54941907757037e+01
3.44403559984630e+01
3.49726164319394e+01
8.56748686914919e+01
1.12093298187409e+02
1.51523432188190e+02
1.74586206605951e+02
1.67128061040754e+02
7.06559976997198e+01
9.28385257847039e+01
7.65064426680698e+01
4.04650631195379e+01
3.72178012628854e+01
3.41135211921450e+01
1.03623612837318e+03
4.34226267418516e+01
5.29353552602855e+01
4.66594876397412e+01
4.78405101285712e+01
7.01085955750513e+01
1.58923561264419e+02
2.18664465959475e+02
2.70649468946300e+02
3.05588605343648e+02
2.64529513486056e+02
2.77324106726080e+02
2.84116521809134e+02
2.18718498456569e+02
1.47393809644072e+02
3.97447136615018e+01
5.23575921307614e+01
5.81382706263629e+01
5.29193784709342e+01
6.09012239814849e+01
8.21377327215776e+01
2.17384689158058e+02
3.10271504853528e+02
3.43983776302754e+02
3.15560725644578e+02
2.53736500378017e+02
2.29009877795345e+02
2.80217199375638e+02
5.91477381796719e+01
7.27082282158114e+01
4.12165623295306e+01
4.70870754901588e+01
2.03408966828681e+02
1.40462043312674e+02
1.44896983794494e+02
1.14777009655632e+02
1.04670128720924e+02
9.42262478856284e+01
1.85886737698859e+02
2.09307857819820e+02
2.17200730360227e+02
6.75028201530430e+01
6.53555326521912e+01
6.28834704444040e+01
1.75948449674172e+02
1.31116933534078e+02
1.15327611498701e+02
1.23352915866800e+02
2.12329342705290e+02
2.31989828293810e+02
2.40001814036935e+02
1.45672021217798e+02
2.17760092126004e+02
2.23864666342332e+02
2.20237421666264e+02
