64												
# x z												
0	1461.690063											
2.5	1462.279419											
5	1462.868896											
7.5	1463.458252											
10	1464.047729											
12.5	1464.637085											
15	1465.226563											
17.5	1465.815918											
20	1466.405273											
22.5	1466.994751											
25	1467.584106											
27.5	1468.173584											
30	1468.762939											
32.5	1469.352295											
35	1469.941772											
37.5	1470.531128											
40	1471.120605											
42.5	1471.709961											
45	1472.299438											
47.5	1472.888794											
50	1473.478149											
52.5	1473.99353											
55	1474.401489											
57.5	1474.809937											
60	1475.218872											
62.5	1475.628418											
65	1476.038452											
67.5	1476.448975											
70	1476.860107											
72.5	1477.271606											
75	1477.683716											
77.5	1478.096313											
80	1478.509521											
82.5	1478.923096											
85	1479.33728											
87.5	1479.751953											
90	1480.167114											
92.5	1480.582886											
95	1480.999146											
97.5	1481.415894											
100	1481.83313											
102.5	1482.250977											
105	1482.669189											
107.5	1483.088013											
110	1483.507324											
112.5	1483.927246											
115	1484.347534											
117.5	1484.768433											
120	1485.189819											
122.5	1485.611816											
125	1486.03418											
127.5	1486.457153											
130	1486.75769											
132.5	1487.050415											
135	1487.34375											
137.5	1487.637451											
140	1487.931763											
142.5	1488.22644											
145	1488.521851											
147.5	1488.817627											
150	1489.113892											
152.5	1489.410767											
155	1489.70813											
157.5	1490.006104											
655												
# a b m n err i ip iperr k r rhoa u valid 												
32	43	45	44	0.00E+00	0.00E+00	4.23E+01	0.00E+00	0.00E+00	0.00E+00	3.23E+01	0.00E+00	1
32	42	44	43	0.00E+00	0.00E+00	4.80E+01	0.00E+00	0.00E+00	0.00E+00	3.34E+01	0.00E+00	1
42	52	54	53	0.00E+00	0.00E+00	2.83E+01	0.00E+00	0.00E+00	0.00E+00	3.30E+01	0.00E+00	1
41	53	55	54	0.00E+00	0.00E+00	2.59E+01	0.00E+00	0.00E+00	0.00E+00	6.24E+01	0.00E+00	1
4	19	21	20	0.00E+00	0.00E+00	5.19E+01	0.00E+00	0.00E+00	0.00E+00	1.49E+01	0.00E+00	1
17	32	34	33	0.00E+00	0.00E+00	5.67E+01	0.00E+00	0.00E+00	0.00E+00	5.62E+01	0.00E+00	1
27	42	44	43	0.00E+00	0.00E+00	4.15E+01	0.00E+00	0.00E+00	0.00E+00	3.32E+01	0.00E+00	1
45	60	44	43	0.00E+00	0.00E+00	3.25E+01	0.00E+00	0.00E+00	0.00E+00	3.96E+01	0.00E+00	1
26	43	45	44	0.00E+00	0.00E+00	1.95E+01	0.00E+00	0.00E+00	0.00E+00	3.52E+01	0.00E+00	1
32	49	51	50	0.00E+00	0.00E+00	2.41E+01	0.00E+00	0.00E+00	0.00E+00	2.12E+01	0.00E+00	1
25	43	45	44	0.00E+00	0.00E+00	2.18E+01	0.00E+00	0.00E+00	0.00E+00	3.47E+01	0.00E+00	1
22	43	45	44	0.00E+00	0.00E+00	2.13E+01	0.00E+00	0.00E+00	0.00E+00	3.50E+01	0.00E+00	1
23	43	45	44	0.00E+00	0.00E+00	2.85E+01	0.00E+00	0.00E+00	0.00E+00	3.46E+01	0.00E+00	1
24	44	46	45	0.00E+00	0.00E+00	4.74E+01	0.00E+00	0.00E+00	0.00E+00	4.05E+01	0.00E+00	1
26	47	49	48	0.00E+00	0.00E+00	2.90E+01	0.00E+00	0.00E+00	0.00E+00	2.94E+01	0.00E+00	1
26	46	48	47	0.00E+00	0.00E+00	2.74E+01	0.00E+00	0.00E+00	0.00E+00	2.93E+01	0.00E+00	1
27	48	50	49	0.00E+00	0.00E+00	2.81E+01	0.00E+00	0.00E+00	0.00E+00	2.34E+01	0.00E+00	1
28	48	50	49	0.00E+00	0.00E+00	5.05E+01	0.00E+00	0.00E+00	0.00E+00	2.40E+01	0.00E+00	1
29	49	51	50	0.00E+00	0.00E+00	4.92E+01	0.00E+00	0.00E+00	0.00E+00	1.96E+01	0.00E+00	1
33	53	55	54	0.00E+00	0.00E+00	2.26E+01	0.00E+00	0.00E+00	0.00E+00	6.20E+01	0.00E+00	1
13	39	12	11	0.00E+00	0.00E+00	3.73E+01	0.00E+00	0.00E+00	0.00E+00	2.15E+01	0.00E+00	1
20	46	48	47	0.00E+00	0.00E+00	2.34E+01	0.00E+00	0.00E+00	0.00E+00	2.97E+01	0.00E+00	1
22	48	50	49	0.00E+00	0.00E+00	2.45E+01	0.00E+00	0.00E+00	0.00E+00	2.35E+01	0.00E+00	1
24	50	52	51	0.00E+00	0.00E+00	2.27E+01	0.00E+00	0.00E+00	0.00E+00	2.27E+01	0.00E+00	1
30	52	54	53	0.00E+00	0.00E+00	3.69E+01	0.00E+00	0.00E+00	0.00E+00	3.33E+01	0.00E+00	1
32	54	56	55	0.00E+00	0.00E+00	1.69E+01	0.00E+00	0.00E+00	0.00E+00	1.26E+02	0.00E+00	1
12	39	11	10	0.00E+00	0.00E+00	3.85E+01	0.00E+00	0.00E+00	0.00E+00	2.43E+01	0.00E+00	1
17	47	49	48	0.00E+00	0.00E+00	2.84E+01	0.00E+00	0.00E+00	0.00E+00	2.39E+01	0.00E+00	1
20	47	49	48	0.00E+00	0.00E+00	2.91E+01	0.00E+00	0.00E+00	0.00E+00	2.94E+01	0.00E+00	1
20	48	50	49	0.00E+00	0.00E+00	2.74E+01	0.00E+00	0.00E+00	0.00E+00	2.37E+01	0.00E+00	1
23	50	52	51	0.00E+00	0.00E+00	2.07E+01	0.00E+00	0.00E+00	0.00E+00	2.26E+01	0.00E+00	1
26	54	56	55	0.00E+00	0.00E+00	1.89E+01	0.00E+00	0.00E+00	0.00E+00	1.25E+02	0.00E+00	1
27	54	56	55	0.00E+00	0.00E+00	1.90E+01	0.00E+00	0.00E+00	0.00E+00	1.25E+02	0.00E+00	1
4	43	45	44	0.00E+00	0.00E+00	2.27E+01	0.00E+00	0.00E+00	0.00E+00	3.61E+01	0.00E+00	1
4	46	48	47	0.00E+00	0.00E+00	2.16E+01	0.00E+00	0.00E+00	0.00E+00	2.90E+01	0.00E+00	1
4	49	51	50	0.00E+00	0.00E+00	2.59E+01	0.00E+00	0.00E+00	0.00E+00	2.15E+01	0.00E+00	1
4	48	50	49	0.00E+00	0.00E+00	2.32E+01	0.00E+00	0.00E+00	0.00E+00	2.30E+01	0.00E+00	1
5	50	52	51	0.00E+00	0.00E+00	3.82E+01	0.00E+00	0.00E+00	0.00E+00	2.29E+01	0.00E+00	1
6	45	47	46	0.00E+00	0.00E+00	1.96E+01	0.00E+00	0.00E+00	0.00E+00	4.28E+01	0.00E+00	1
7	45	47	46	0.00E+00	0.00E+00	1.58E+01	0.00E+00	0.00E+00	0.00E+00	4.27E+01	0.00E+00	1
8	50	52	51	0.00E+00	0.00E+00	2.14E+01	0.00E+00	0.00E+00	0.00E+00	2.28E+01	0.00E+00	1
9	48	50	49	0.00E+00	0.00E+00	4.69E+01	0.00E+00	0.00E+00	0.00E+00	2.41E+01	0.00E+00	1
11	50	52	51	0.00E+00	0.00E+00	2.17E+01	0.00E+00	0.00E+00	0.00E+00	2.29E+01	0.00E+00	1
14	52	54	53	0.00E+00	0.00E+00	3.81E+01	0.00E+00	0.00E+00	0.00E+00	3.30E+01	0.00E+00	1
16	60	15	14	0.00E+00	0.00E+00	3.77E+01	0.00E+00	0.00E+00	0.00E+00	2.60E+01	0.00E+00	1
17	53	55	54	0.00E+00	0.00E+00	2.03E+01	0.00E+00	0.00E+00	0.00E+00	6.25E+01	0.00E+00	1
1	43	2	3	0.00E+00	0.00E+00	4.38E+01	0.00E+00	0.00E+00	0.00E+00	2.76E+01	0.00E+00	1
1	46	2	3	0.00E+00	0.00E+00	3.34E+01	0.00E+00	0.00E+00	0.00E+00	2.75E+01	0.00E+00	1
2	46	3	4	0.00E+00	0.00E+00	3.02E+01	0.00E+00	0.00E+00	0.00E+00	2.20E+01	0.00E+00	1
3	54	4	5	0.00E+00	0.00E+00	4.10E+01	0.00E+00	0.00E+00	0.00E+00	2.82E+01	0.00E+00	1
5	50	6	7	0.00E+00	0.00E+00	1.68E+01	0.00E+00	0.00E+00	0.00E+00	2.40E+01	0.00E+00	1
6	45	7	8	0.00E+00	0.00E+00	4.18E+01	0.00E+00	0.00E+00	0.00E+00	1.83E+01	0.00E+00	1
8	47	9	10	0.00E+00	0.00E+00	3.77E+01	0.00E+00	0.00E+00	0.00E+00	2.82E+01	0.00E+00	1
8	53	9	10	0.00E+00	0.00E+00	3.85E+01	0.00E+00	0.00E+00	0.00E+00	2.82E+01	0.00E+00	1
8	52	9	10	0.00E+00	0.00E+00	4.05E+01	0.00E+00	0.00E+00	0.00E+00	2.82E+01	0.00E+00	1
9	53	10	11	0.00E+00	0.00E+00	2.89E+01	0.00E+00	0.00E+00	0.00E+00	2.34E+01	0.00E+00	1
9	48	10	11	0.00E+00	0.00E+00	2.83E+01	0.00E+00	0.00E+00	0.00E+00	2.32E+01	0.00E+00	1
9	54	10	11	0.00E+00	0.00E+00	3.51E+01	0.00E+00	0.00E+00	0.00E+00	2.33E+01	0.00E+00	1
10	55	11	12	0.00E+00	0.00E+00	3.15E+01	0.00E+00	0.00E+00	0.00E+00	2.46E+01	0.00E+00	1
11	53	12	13	0.00E+00	0.00E+00	4.94E+01	0.00E+00	0.00E+00	0.00E+00	2.46E+01	0.00E+00	1
13	55	14	15	0.00E+00	0.00E+00	3.68E+01	0.00E+00	0.00E+00	0.00E+00	2.45E+01	0.00E+00	1
25	64	26	27	0.00E+00	0.00E+00	3.67E+01	0.00E+00	0.00E+00	0.00E+00	6.23E+00	0.00E+00	1
1	39	2	3	0.00E+00	0.00E+00	3.49E+01	0.00E+00	0.00E+00	0.00E+00	2.75E+01	0.00E+00	1
7	45	8	9	0.00E+00	0.00E+00	3.21E+01	0.00E+00	0.00E+00	0.00E+00	2.14E+01	0.00E+00	1
7	43	8	9	0.00E+00	0.00E+00	3.09E+01	0.00E+00	0.00E+00	0.00E+00	2.04E+01	0.00E+00	1
8	46	9	10	0.00E+00	0.00E+00	3.84E+01	0.00E+00	0.00E+00	0.00E+00	2.83E+01	0.00E+00	1
9	45	10	11	0.00E+00	0.00E+00	3.08E+01	0.00E+00	0.00E+00	0.00E+00	2.51E+01	0.00E+00	1
10	43	11	12	0.00E+00	0.00E+00	3.66E+01	0.00E+00	0.00E+00	0.00E+00	2.46E+01	0.00E+00	1
10	46	11	12	0.00E+00	0.00E+00	3.24E+01	0.00E+00	0.00E+00	0.00E+00	2.45E+01	0.00E+00	1
10	48	11	12	0.00E+00	0.00E+00	3.27E+01	0.00E+00	0.00E+00	0.00E+00	2.82E+01	0.00E+00	1
11	47	12	13	0.00E+00	0.00E+00	5.19E+01	0.00E+00	0.00E+00	0.00E+00	2.45E+01	0.00E+00	1
11	49	12	13	0.00E+00	0.00E+00	4.05E+01	0.00E+00	0.00E+00	0.00E+00	2.46E+01	0.00E+00	1
12	48	13	14	0.00E+00	0.00E+00	5.02E+01	0.00E+00	0.00E+00	0.00E+00	2.38E+01	0.00E+00	1
13	43	14	15	0.00E+00	0.00E+00	4.16E+01	0.00E+00	0.00E+00	0.00E+00	2.49E+01	0.00E+00	1
13	49	14	15	0.00E+00	0.00E+00	3.48E+01	0.00E+00	0.00E+00	0.00E+00	2.45E+01	0.00E+00	1
13	46	14	15	0.00E+00	0.00E+00	3.50E+01	0.00E+00	0.00E+00	0.00E+00	2.46E+01	0.00E+00	1
14	52	15	16	0.00E+00	0.00E+00	3.51E+01	0.00E+00	0.00E+00	0.00E+00	2.97E+01	0.00E+00	1
15	51	16	17	0.00E+00	0.00E+00	3.53E+01	0.00E+00	0.00E+00	0.00E+00	5.01E+01	0.00E+00	1
15	53	16	17	0.00E+00	0.00E+00	4.35E+01	0.00E+00	0.00E+00	0.00E+00	4.20E+01	0.00E+00	1
16	54	17	18	0.00E+00	0.00E+00	3.65E+01	0.00E+00	0.00E+00	0.00E+00	8.81E+00	0.00E+00	1
17	55	18	19	0.00E+00	0.00E+00	2.94E+01	0.00E+00	0.00E+00	0.00E+00	1.38E+01	0.00E+00	1
1	28	2	3	0.00E+00	0.00E+00	3.48E+01	0.00E+00	0.00E+00	0.00E+00	2.74E+01	0.00E+00	1
6	34	7	8	0.00E+00	0.00E+00	3.33E+01	0.00E+00	0.00E+00	0.00E+00	1.81E+01	0.00E+00	1
7	34	8	9	0.00E+00	0.00E+00	3.96E+01	0.00E+00	0.00E+00	0.00E+00	2.11E+01	0.00E+00	1
12	39	13	14	0.00E+00	0.00E+00	4.03E+01	0.00E+00	0.00E+00	0.00E+00	2.40E+01	0.00E+00	1
13	39	14	15	0.00E+00	0.00E+00	3.90E+01	0.00E+00	0.00E+00	0.00E+00	2.47E+01	0.00E+00	1
26	54	27	28	0.00E+00	0.00E+00	3.74E+01	0.00E+00	0.00E+00	0.00E+00	1.05E+01	0.00E+00	1
8	29	9	10	0.00E+00	0.00E+00	3.15E+01	0.00E+00	0.00E+00	0.00E+00	2.84E+01	0.00E+00	1
32	54	33	34	0.00E+00	0.00E+00	3.43E+01	0.00E+00	0.00E+00	0.00E+00	5.58E+01	0.00E+00	1
41	62	42	43	0.00E+00	0.00E+00	3.68E+01	0.00E+00	0.00E+00	0.00E+00	3.82E+01	0.00E+00	1
8	28	9	10	0.00E+00	0.00E+00	4.27E+01	0.00E+00	0.00E+00	0.00E+00	2.83E+01	0.00E+00	1
41	61	42	43	0.00E+00	0.00E+00	5.28E+01	0.00E+00	0.00E+00	0.00E+00	3.67E+01	0.00E+00	1
11	29	12	13	0.00E+00	0.00E+00	3.24E+01	0.00E+00	0.00E+00	0.00E+00	2.51E+01	0.00E+00	1
13	28	14	15	0.00E+00	0.00E+00	3.51E+01	0.00E+00	0.00E+00	0.00E+00	2.48E+01	0.00E+00	1
14	29	15	16	0.00E+00	0.00E+00	3.05E+01	0.00E+00	0.00E+00	0.00E+00	3.00E+01	0.00E+00	1
27	42	28	29	0.00E+00	0.00E+00	4.14E+01	0.00E+00	0.00E+00	0.00E+00	1.05E+01	0.00E+00	1
45	60	46	47	0.00E+00	0.00E+00	3.29E+01	0.00E+00	0.00E+00	0.00E+00	4.29E+01	0.00E+00	1
4	16	5	6	0.00E+00	0.00E+00	1.81E+01	0.00E+00	0.00E+00	0.00E+00	1.34E+01	0.00E+00	1
41	53	42	43	0.00E+00	0.00E+00	5.23E+01	0.00E+00	0.00E+00	0.00E+00	3.61E+01	0.00E+00	1
32	43	33	34	0.00E+00	0.00E+00	3.06E+01	0.00E+00	0.00E+00	0.00E+00	5.12E+01	0.00E+00	1
32	42	33	34	0.00E+00	0.00E+00	3.79E+01	0.00E+00	0.00E+00	0.00E+00	5.16E+01	0.00E+00	1
42	52	43	44	0.00E+00	0.00E+00	4.21E+01	0.00E+00	0.00E+00	0.00E+00	3.22E+01	0.00E+00	1
25	34	26	27	0.00E+00	0.00E+00	3.92E+01	0.00E+00	0.00E+00	0.00E+00	4.22E+01	0.00E+00	1
25	34	23	22	0.00E+00	0.00E+00	4.68E+01	0.00E+00	0.00E+00	0.00E+00	3.10E+01	0.00E+00	1
32	42	45	44	0.00E+00	0.00E+00	4.71E+01	0.00E+00	0.00E+00	0.00E+00	3.15E+01	0.00E+00	1
41	53	56	55	0.00E+00	0.00E+00	3.74E+01	0.00E+00	0.00E+00	0.00E+00	9.41E+01	0.00E+00	1
13	28	11	10	0.00E+00	0.00E+00	3.29E+01	0.00E+00	0.00E+00	0.00E+00	3.08E+01	0.00E+00	1
14	29	12	11	0.00E+00	0.00E+00	4.08E+01	0.00E+00	0.00E+00	0.00E+00	2.23E+01	0.00E+00	1
17	32	15	14	0.00E+00	0.00E+00	4.03E+01	0.00E+00	0.00E+00	0.00E+00	3.79E+01	0.00E+00	1
27	42	45	44	0.00E+00	0.00E+00	4.10E+01	0.00E+00	0.00E+00	0.00E+00	3.05E+01	0.00E+00	1
32	47	50	49	0.00E+00	0.00E+00	3.03E+01	0.00E+00	0.00E+00	0.00E+00	2.59E+01	0.00E+00	1
45	60	43	42	0.00E+00	0.00E+00	3.93E+01	0.00E+00	0.00E+00	0.00E+00	3.93E+01	0.00E+00	1
26	43	46	45	0.00E+00	0.00E+00	2.71E+01	0.00E+00	0.00E+00	0.00E+00	3.10E+01	0.00E+00	1
28	45	48	47	0.00E+00	0.00E+00	2.16E+01	0.00E+00	0.00E+00	0.00E+00	3.14E+01	0.00E+00	1
29	46	49	48	0.00E+00	0.00E+00	4.29E+01	0.00E+00	0.00E+00	0.00E+00	2.54E+01	0.00E+00	1
11	29	9	8	0.00E+00	0.00E+00	4.65E+01	0.00E+00	0.00E+00	0.00E+00	2.75E+01	0.00E+00	1
25	43	46	45	0.00E+00	0.00E+00	2.94E+01	0.00E+00	0.00E+00	0.00E+00	3.27E+01	0.00E+00	1
22	43	46	45	0.00E+00	0.00E+00	2.73E+01	0.00E+00	0.00E+00	0.00E+00	3.22E+01	0.00E+00	1
23	43	46	45	0.00E+00	0.00E+00	3.68E+01	0.00E+00	0.00E+00	0.00E+00	3.63E+01	0.00E+00	1
24	44	47	46	0.00E+00	0.00E+00	5.13E+01	0.00E+00	0.00E+00	0.00E+00	3.84E+01	0.00E+00	1
26	46	49	48	0.00E+00	0.00E+00	4.38E+01	0.00E+00	0.00E+00	0.00E+00	2.85E+01	0.00E+00	1
26	47	50	49	0.00E+00	0.00E+00	2.95E+01	0.00E+00	0.00E+00	0.00E+00	2.54E+01	0.00E+00	1
28	48	51	50	0.00E+00	0.00E+00	4.85E+01	0.00E+00	0.00E+00	0.00E+00	2.32E+01	0.00E+00	1
31	51	54	53	0.00E+00	0.00E+00	5.33E+01	0.00E+00	0.00E+00	0.00E+00	3.63E+01	0.00E+00	1
33	53	56	55	0.00E+00	0.00E+00	3.23E+01	0.00E+00	0.00E+00	0.00E+00	9.24E+01	0.00E+00	1
26	48	51	50	0.00E+00	0.00E+00	1.93E+01	0.00E+00	0.00E+00	0.00E+00	2.92E+01	0.00E+00	1
27	48	51	50	0.00E+00	0.00E+00	2.85E+01	0.00E+00	0.00E+00	0.00E+00	2.75E+01	0.00E+00	1
32	53	56	55	0.00E+00	0.00E+00	3.03E+01	0.00E+00	0.00E+00	0.00E+00	9.03E+01	0.00E+00	1
33	55	31	30	0.00E+00	0.00E+00	3.11E+01	0.00E+00	0.00E+00	0.00E+00	8.65E+01	0.00E+00	1
13	39	11	10	0.00E+00	0.00E+00	3.62E+01	0.00E+00	0.00E+00	0.00E+00	3.18E+01	0.00E+00	1
20	46	49	48	0.00E+00	0.00E+00	4.26E+01	0.00E+00	0.00E+00	0.00E+00	2.84E+01	0.00E+00	1
20	47	50	49	0.00E+00	0.00E+00	3.08E+01	0.00E+00	0.00E+00	0.00E+00	2.56E+01	0.00E+00	1
22	48	51	50	0.00E+00	0.00E+00	2.37E+01	0.00E+00	0.00E+00	0.00E+00	2.87E+01	0.00E+00	1
23	50	53	52	0.00E+00	0.00E+00	1.21E+01	0.00E+00	0.00E+00	0.00E+00	3.69E+01	0.00E+00	1
24	50	53	52	0.00E+00	0.00E+00	1.48E+01	0.00E+00	0.00E+00	0.00E+00	3.40E+01	0.00E+00	1
6	34	4	3	0.00E+00	0.00E+00	4.41E+01	0.00E+00	0.00E+00	0.00E+00	1.95E+01	0.00E+00	1
16	44	14	13	0.00E+00	0.00E+00	4.64E+01	0.00E+00	0.00E+00	0.00E+00	2.82E+01	0.00E+00	1
20	48	51	50	0.00E+00	0.00E+00	2.60E+01	0.00E+00	0.00E+00	0.00E+00	2.91E+01	0.00E+00	1
17	47	15	14	0.00E+00	0.00E+00	4.12E+01	0.00E+00	0.00E+00	0.00E+00	1.73E+01	0.00E+00	1
17	47	50	49	0.00E+00	0.00E+00	2.71E+01	0.00E+00	0.00E+00	0.00E+00	2.51E+01	0.00E+00	1
10	43	8	7	0.00E+00	0.00E+00	5.01E+01	0.00E+00	0.00E+00	0.00E+00	3.14E+01	0.00E+00	1
13	46	11	10	0.00E+00	0.00E+00	3.39E+01	0.00E+00	0.00E+00	0.00E+00	3.11E+01	0.00E+00	1
13	46	49	48	0.00E+00	0.00E+00	4.36E+01	0.00E+00	0.00E+00	0.00E+00	2.61E+01	0.00E+00	1
20	53	56	55	0.00E+00	0.00E+00	2.69E+01	0.00E+00	0.00E+00	0.00E+00	9.16E+01	0.00E+00	1
7	43	5	4	0.00E+00	0.00E+00	2.86E+01	0.00E+00	0.00E+00	0.00E+00	2.17E+01	0.00E+00	1
9	45	7	6	0.00E+00	0.00E+00	2.90E+01	0.00E+00	0.00E+00	0.00E+00	3.47E+01	0.00E+00	1
10	46	49	48	0.00E+00	0.00E+00	4.24E+01	0.00E+00	0.00E+00	0.00E+00	2.63E+01	0.00E+00	1
13	49	52	51	0.00E+00	0.00E+00	2.28E+01	0.00E+00	0.00E+00	0.00E+00	2.93E+01	0.00E+00	1
13	49	11	10	0.00E+00	0.00E+00	3.41E+01	0.00E+00	0.00E+00	0.00E+00	3.06E+01	0.00E+00	1
14	50	53	52	0.00E+00	0.00E+00	5.60E+01	0.00E+00	0.00E+00	0.00E+00	3.39E+01	0.00E+00	1
15	51	13	12	0.00E+00	0.00E+00	4.06E+01	0.00E+00	0.00E+00	0.00E+00	2.51E+01	0.00E+00	1
15	51	54	53	0.00E+00	0.00E+00	4.49E+01	0.00E+00	0.00E+00	0.00E+00	3.67E+01	0.00E+00	1
17	53	15	14	0.00E+00	0.00E+00	3.88E+01	0.00E+00	0.00E+00	0.00E+00	2.37E+01	0.00E+00	1
17	53	56	55	0.00E+00	0.00E+00	2.99E+01	0.00E+00	0.00E+00	0.00E+00	9.27E+01	0.00E+00	1
1	39	42	41	0.00E+00	0.00E+00	5.29E+01	0.00E+00	0.00E+00	0.00E+00	3.20E+01	0.00E+00	1
4	43	46	45	0.00E+00	0.00E+00	3.02E+01	0.00E+00	0.00E+00	0.00E+00	3.22E+01	0.00E+00	1
6	45	4	3	0.00E+00	0.00E+00	4.18E+01	0.00E+00	0.00E+00	0.00E+00	2.08E+01	0.00E+00	1
9	48	7	6	0.00E+00	0.00E+00	3.68E+01	0.00E+00	0.00E+00	0.00E+00	2.92E+01	0.00E+00	1
14	53	12	11	0.00E+00	0.00E+00	5.28E+01	0.00E+00	0.00E+00	0.00E+00	2.25E+01	0.00E+00	1
15	53	13	12	0.00E+00	0.00E+00	4.95E+01	0.00E+00	0.00E+00	0.00E+00	2.92E+01	0.00E+00	1
16	54	14	13	0.00E+00	0.00E+00	4.37E+01	0.00E+00	0.00E+00	0.00E+00	2.90E+01	0.00E+00	1
17	55	15	14	0.00E+00	0.00E+00	3.77E+01	0.00E+00	0.00E+00	0.00E+00	2.22E+01	0.00E+00	1
2	46	49	48	0.00E+00	0.00E+00	3.74E+01	0.00E+00	0.00E+00	0.00E+00	2.61E+01	0.00E+00	1
4	48	2	1	0.00E+00	0.00E+00	4.27E+01	0.00E+00	0.00E+00	0.00E+00	1.67E+01	0.00E+00	1
4	46	49	48	0.00E+00	0.00E+00	3.97E+01	0.00E+00	0.00E+00	0.00E+00	2.86E+01	0.00E+00	1
4	49	52	51	0.00E+00	0.00E+00	3.00E+01	0.00E+00	0.00E+00	0.00E+00	2.83E+01	0.00E+00	1
5	50	53	52	0.00E+00	0.00E+00	3.62E+01	0.00E+00	0.00E+00	0.00E+00	3.57E+01	0.00E+00	1
8	50	53	52	0.00E+00	0.00E+00	1.56E+01	0.00E+00	0.00E+00	0.00E+00	3.48E+01	0.00E+00	1
9	53	7	6	0.00E+00	0.00E+00	3.83E+01	0.00E+00	0.00E+00	0.00E+00	2.89E+01	0.00E+00	1
9	53	56	55	0.00E+00	0.00E+00	4.23E+01	0.00E+00	0.00E+00	0.00E+00	9.63E+01	0.00E+00	1
9	54	7	6	0.00E+00	0.00E+00	4.51E+01	0.00E+00	0.00E+00	0.00E+00	2.97E+01	0.00E+00	1
10	55	8	7	0.00E+00	0.00E+00	4.01E+01	0.00E+00	0.00E+00	0.00E+00	3.26E+01	0.00E+00	1
13	55	11	10	0.00E+00	0.00E+00	3.53E+01	0.00E+00	0.00E+00	0.00E+00	3.11E+01	0.00E+00	1
16	60	14	13	0.00E+00	0.00E+00	4.49E+01	0.00E+00	0.00E+00	0.00E+00	3.00E+01	0.00E+00	1
1	53	3	4	0.00E+00	0.00E+00	3.99E+01	0.00E+00	0.00E+00	0.00E+00	3.06E+01	0.00E+00	1
3	54	51	52	0.00E+00	0.00E+00	4.72E+01	0.00E+00	0.00E+00	0.00E+00	3.99E+01	0.00E+00	1
4	55	52	53	0.00E+00	0.00E+00	3.58E+01	0.00E+00	0.00E+00	0.00E+00	8.60E+01	0.00E+00	1
1	46	3	4	0.00E+00	0.00E+00	3.56E+01	0.00E+00	0.00E+00	0.00E+00	3.04E+01	0.00E+00	1
4	49	6	7	0.00E+00	0.00E+00	4.78E+01	0.00E+00	0.00E+00	0.00E+00	1.87E+01	0.00E+00	1
4	49	46	47	0.00E+00	0.00E+00	4.35E+01	0.00E+00	0.00E+00	0.00E+00	2.37E+01	0.00E+00	1
5	50	7	8	0.00E+00	0.00E+00	1.77E+01	0.00E+00	0.00E+00	0.00E+00	2.67E+01	0.00E+00	1
5	50	47	48	0.00E+00	0.00E+00	3.44E+01	0.00E+00	0.00E+00	0.00E+00	2.80E+01	0.00E+00	1
9	54	11	12	0.00E+00	0.00E+00	3.66E+01	0.00E+00	0.00E+00	0.00E+00	2.87E+01	0.00E+00	1
10	55	12	13	0.00E+00	0.00E+00	3.28E+01	0.00E+00	0.00E+00	0.00E+00	3.34E+01	0.00E+00	1
2	46	43	44	0.00E+00	0.00E+00	4.94E+01	0.00E+00	0.00E+00	0.00E+00	3.95E+01	0.00E+00	1
4	46	43	44	0.00E+00	0.00E+00	2.43E+01	0.00E+00	0.00E+00	0.00E+00	4.18E+01	0.00E+00	1
4	48	45	46	0.00E+00	0.00E+00	2.15E+01	0.00E+00	0.00E+00	0.00E+00	3.64E+01	0.00E+00	1
4	46	6	7	0.00E+00	0.00E+00	4.25E+01	0.00E+00	0.00E+00	0.00E+00	1.82E+01	0.00E+00	1
8	50	47	48	0.00E+00	0.00E+00	2.84E+01	0.00E+00	0.00E+00	0.00E+00	3.13E+01	0.00E+00	1
8	50	10	11	0.00E+00	0.00E+00	4.05E+01	0.00E+00	0.00E+00	0.00E+00	3.35E+01	0.00E+00	1
9	53	11	12	0.00E+00	0.00E+00	2.96E+01	0.00E+00	0.00E+00	0.00E+00	2.93E+01	0.00E+00	1
13	55	15	16	0.00E+00	0.00E+00	3.08E+01	0.00E+00	0.00E+00	0.00E+00	4.04E+01	0.00E+00	1
20	62	22	23	0.00E+00	0.00E+00	3.73E+01	0.00E+00	0.00E+00	0.00E+00	2.36E+01	0.00E+00	1
6	45	42	43	0.00E+00	0.00E+00	2.58E+01	0.00E+00	0.00E+00	0.00E+00	3.84E+01	0.00E+00	1
6	45	8	9	0.00E+00	0.00E+00	4.07E+01	0.00E+00	0.00E+00	0.00E+00	2.50E+01	0.00E+00	1
9	48	11	12	0.00E+00	0.00E+00	2.87E+01	0.00E+00	0.00E+00	0.00E+00	2.91E+01	0.00E+00	1
11	50	47	48	0.00E+00	0.00E+00	3.06E+01	0.00E+00	0.00E+00	0.00E+00	2.92E+01	0.00E+00	1
7	45	9	10	0.00E+00	0.00E+00	2.75E+01	0.00E+00	0.00E+00	0.00E+00	2.96E+01	0.00E+00	1
7	45	42	43	0.00E+00	0.00E+00	2.09E+01	0.00E+00	0.00E+00	0.00E+00	3.78E+01	0.00E+00	1
12	50	47	48	0.00E+00	0.00E+00	1.42E+01	0.00E+00	0.00E+00	0.00E+00	3.04E+01	0.00E+00	1
15	53	17	18	0.00E+00	0.00E+00	4.22E+01	0.00E+00	0.00E+00	0.00E+00	1.67E+01	0.00E+00	1
16	54	51	52	0.00E+00	0.00E+00	2.70E+01	0.00E+00	0.00E+00	0.00E+00	4.41E+01	0.00E+00	1
17	55	52	53	0.00E+00	0.00E+00	3.07E+01	0.00E+00	0.00E+00	0.00E+00	8.37E+01	0.00E+00	1
26	64	28	29	0.00E+00	0.00E+00	4.35E+01	0.00E+00	0.00E+00	0.00E+00	3.06E+01	0.00E+00	1
7	43	9	10	0.00E+00	0.00E+00	3.31E+01	0.00E+00	0.00E+00	0.00E+00	3.35E+01	0.00E+00	1
9	45	42	43	0.00E+00	0.00E+00	2.29E+01	0.00E+00	0.00E+00	0.00E+00	3.77E+01	0.00E+00	1
9	45	11	12	0.00E+00	0.00E+00	2.91E+01	0.00E+00	0.00E+00	0.00E+00	2.72E+01	0.00E+00	1
10	46	12	13	0.00E+00	0.00E+00	3.37E+01	0.00E+00	0.00E+00	0.00E+00	3.33E+01	0.00E+00	1
13	49	46	47	0.00E+00	0.00E+00	4.71E+01	0.00E+00	0.00E+00	0.00E+00	3.38E+01	0.00E+00	1
13	49	15	16	0.00E+00	0.00E+00	2.92E+01	0.00E+00	0.00E+00	0.00E+00	4.05E+01	0.00E+00	1
14	50	47	48	0.00E+00	0.00E+00	3.41E+01	0.00E+00	0.00E+00	0.00E+00	3.17E+01	0.00E+00	1
17	53	19	20	0.00E+00	0.00E+00	3.43E+01	0.00E+00	0.00E+00	0.00E+00	1.99E+01	0.00E+00	1
17	53	50	51	0.00E+00	0.00E+00	3.17E+01	0.00E+00	0.00E+00	0.00E+00	2.66E+01	0.00E+00	1
10	43	12	13	0.00E+00	0.00E+00	3.94E+01	0.00E+00	0.00E+00	0.00E+00	3.39E+01	0.00E+00	1
13	46	15	16	0.00E+00	0.00E+00	2.94E+01	0.00E+00	0.00E+00	0.00E+00	4.05E+01	0.00E+00	1
20	53	50	51	0.00E+00	0.00E+00	3.79E+01	0.00E+00	0.00E+00	0.00E+00	2.66E+01	0.00E+00	1
13	43	15	16	0.00E+00	0.00E+00	3.69E+01	0.00E+00	0.00E+00	0.00E+00	3.97E+01	0.00E+00	1
4	32	6	7	0.00E+00	0.00E+00	3.21E+01	0.00E+00	0.00E+00	0.00E+00	2.96E+01	0.00E+00	1
6	34	8	9	0.00E+00	0.00E+00	3.30E+01	0.00E+00	0.00E+00	0.00E+00	2.25E+01	0.00E+00	1
20	48	45	46	0.00E+00	0.00E+00	2.65E+01	0.00E+00	0.00E+00	0.00E+00	3.60E+01	0.00E+00	1
26	54	51	52	0.00E+00	0.00E+00	5.88E+01	0.00E+00	0.00E+00	0.00E+00	4.55E+01	0.00E+00	1
7	34	9	10	0.00E+00	0.00E+00	4.40E+01	0.00E+00	0.00E+00	0.00E+00	3.34E+01	0.00E+00	1
12	39	14	15	0.00E+00	0.00E+00	5.13E+01	0.00E+00	0.00E+00	0.00E+00	2.58E+01	0.00E+00	1
20	47	44	45	0.00E+00	0.00E+00	3.44E+01	0.00E+00	0.00E+00	0.00E+00	2.63E+01	0.00E+00	1
23	50	47	48	0.00E+00	0.00E+00	2.55E+01	0.00E+00	0.00E+00	0.00E+00	3.20E+01	0.00E+00	1
26	53	50	51	0.00E+00	0.00E+00	4.53E+01	0.00E+00	0.00E+00	0.00E+00	2.78E+01	0.00E+00	1
27	54	51	52	0.00E+00	0.00E+00	2.91E+01	0.00E+00	0.00E+00	0.00E+00	4.37E+01	0.00E+00	1
1	28	3	4	0.00E+00	0.00E+00	3.74E+01	0.00E+00	0.00E+00	0.00E+00	3.03E+01	0.00E+00	1
13	39	15	16	0.00E+00	0.00E+00	3.35E+01	0.00E+00	0.00E+00	0.00E+00	4.01E+01	0.00E+00	1
22	48	45	46	0.00E+00	0.00E+00	2.43E+01	0.00E+00	0.00E+00	0.00E+00	3.17E+01	0.00E+00	1
24	50	47	48	0.00E+00	0.00E+00	2.90E+01	0.00E+00	0.00E+00	0.00E+00	3.21E+01	0.00E+00	1
26	52	49	50	0.00E+00	0.00E+00	3.61E+01	0.00E+00	0.00E+00	0.00E+00	3.05E+01	0.00E+00	1
26	48	45	46	0.00E+00	0.00E+00	2.01E+01	0.00E+00	0.00E+00	0.00E+00	3.58E+01	0.00E+00	1
32	54	51	52	0.00E+00	0.00E+00	2.39E+01	0.00E+00	0.00E+00	0.00E+00	4.39E+01	0.00E+00	1
33	55	52	53	0.00E+00	0.00E+00	2.89E+01	0.00E+00	0.00E+00	0.00E+00	8.50E+01	0.00E+00	1
25	46	43	44	0.00E+00	0.00E+00	2.75E+01	0.00E+00	0.00E+00	0.00E+00	4.16E+01	0.00E+00	1
26	47	44	45	0.00E+00	0.00E+00	2.98E+01	0.00E+00	0.00E+00	0.00E+00	2.74E+01	0.00E+00	1
27	48	45	46	0.00E+00	0.00E+00	2.93E+01	0.00E+00	0.00E+00	0.00E+00	3.39E+01	0.00E+00	1
32	53	50	51	0.00E+00	0.00E+00	4.19E+01	0.00E+00	0.00E+00	0.00E+00	2.88E+01	0.00E+00	1
41	62	43	44	0.00E+00	0.00E+00	4.69E+01	0.00E+00	0.00E+00	0.00E+00	3.44E+01	0.00E+00	1
8	28	10	11	0.00E+00	0.00E+00	5.28E+01	0.00E+00	0.00E+00	0.00E+00	2.97E+01	0.00E+00	1
24	44	41	42	0.00E+00	0.00E+00	4.56E+01	0.00E+00	0.00E+00	0.00E+00	3.42E+01	0.00E+00	1
26	46	43	44	0.00E+00	0.00E+00	3.05E+01	0.00E+00	0.00E+00	0.00E+00	4.12E+01	0.00E+00	1
29	49	46	47	0.00E+00	0.00E+00	4.01E+01	0.00E+00	0.00E+00	0.00E+00	3.45E+01	0.00E+00	1
30	50	47	48	0.00E+00	0.00E+00	3.61E+01	0.00E+00	0.00E+00	0.00E+00	3.21E+01	0.00E+00	1
31	51	33	34	0.00E+00	0.00E+00	4.76E+01	0.00E+00	0.00E+00	0.00E+00	3.26E+01	0.00E+00	1
33	53	50	51	0.00E+00	0.00E+00	3.62E+01	0.00E+00	0.00E+00	0.00E+00	2.71E+01	0.00E+00	1
31	50	33	34	0.00E+00	0.00E+00	2.76E+01	0.00E+00	0.00E+00	0.00E+00	4.01E+01	0.00E+00	1
31	50	47	48	0.00E+00	0.00E+00	2.72E+01	0.00E+00	0.00E+00	0.00E+00	3.26E+01	0.00E+00	1
33	52	49	50	0.00E+00	0.00E+00	2.38E+01	0.00E+00	0.00E+00	0.00E+00	3.11E+01	0.00E+00	1
11	29	13	14	0.00E+00	0.00E+00	3.37E+01	0.00E+00	0.00E+00	0.00E+00	3.19E+01	0.00E+00	1
33	51	48	49	0.00E+00	0.00E+00	2.29E+01	0.00E+00	0.00E+00	0.00E+00	2.43E+01	0.00E+00	1
28	45	42	43	0.00E+00	0.00E+00	2.59E+01	0.00E+00	0.00E+00	0.00E+00	3.93E+01	0.00E+00	1
4	19	6	7	0.00E+00	0.00E+00	3.26E+01	0.00E+00	0.00E+00	0.00E+00	3.17E+01	0.00E+00	1
13	28	15	16	0.00E+00	0.00E+00	2.93E+01	0.00E+00	0.00E+00	0.00E+00	4.07E+01	0.00E+00	1
32	47	44	45	0.00E+00	0.00E+00	3.35E+01	0.00E+00	0.00E+00	0.00E+00	2.83E+01	0.00E+00	1
45	60	47	48	0.00E+00	0.00E+00	3.80E+01	0.00E+00	0.00E+00	0.00E+00	3.17E+01	0.00E+00	1
4	16	6	7	0.00E+00	0.00E+00	4.78E+01	0.00E+00	0.00E+00	0.00E+00	3.22E+01	0.00E+00	1
17	29	19	20	0.00E+00	0.00E+00	3.35E+01	0.00E+00	0.00E+00	0.00E+00	4.61E+01	0.00E+00	1
22	34	31	32	0.00E+00	0.00E+00	2.57E+01	0.00E+00	0.00E+00	0.00E+00	9.27E+01	0.00E+00	1
41	53	43	44	0.00E+00	0.00E+00	4.29E+01	0.00E+00	0.00E+00	0.00E+00	3.96E+01	0.00E+00	1
42	52	44	45	0.00E+00	0.00E+00	4.05E+01	0.00E+00	0.00E+00	0.00E+00	4.26E+01	0.00E+00	1
25	34	27	28	0.00E+00	0.00E+00	4.34E+01	0.00E+00	0.00E+00	0.00E+00	5.02E+01	0.00E+00	1
18	28	15	14	0.00E+00	0.00E+00	4.42E+01	0.00E+00	0.00E+00	0.00E+00	4.20E+01	0.00E+00	1
29	39	43	42	0.00E+00	0.00E+00	5.14E+01	0.00E+00	0.00E+00	0.00E+00	3.46E+01	0.00E+00	1
32	42	46	45	0.00E+00	0.00E+00	3.41E+01	0.00E+00	0.00E+00	0.00E+00	5.51E+01	0.00E+00	1
13	28	10	9	0.00E+00	0.00E+00	4.24E+01	0.00E+00	0.00E+00	0.00E+00	2.97E+01	0.00E+00	1
14	29	11	10	0.00E+00	0.00E+00	2.96E+01	0.00E+00	0.00E+00	0.00E+00	3.79E+01	0.00E+00	1
19	34	16	15	0.00E+00	0.00E+00	1.85E+01	0.00E+00	0.00E+00	0.00E+00	4.22E+01	0.00E+00	1
27	42	46	45	0.00E+00	0.00E+00	2.96E+01	0.00E+00	0.00E+00	0.00E+00	5.69E+01	0.00E+00	1
32	47	51	50	0.00E+00	0.00E+00	2.89E+01	0.00E+00	0.00E+00	0.00E+00	3.33E+01	0.00E+00	1
26	43	47	46	0.00E+00	0.00E+00	1.62E+01	0.00E+00	0.00E+00	0.00E+00	5.52E+01	0.00E+00	1
29	46	50	49	0.00E+00	0.00E+00	4.35E+01	0.00E+00	0.00E+00	0.00E+00	2.97E+01	0.00E+00	1
23	42	46	45	0.00E+00	0.00E+00	3.71E+01	0.00E+00	0.00E+00	0.00E+00	5.35E+01	0.00E+00	1
33	52	56	55	0.00E+00	0.00E+00	1.55E+01	0.00E+00	0.00E+00	0.00E+00	6.17E+01	0.00E+00	1
23	43	47	46	0.00E+00	0.00E+00	3.13E+01	0.00E+00	0.00E+00	0.00E+00	4.91E+01	0.00E+00	1
30	50	54	53	0.00E+00	0.00E+00	3.23E+01	0.00E+00	0.00E+00	0.00E+00	4.05E+01	0.00E+00	1
4	25	29	28	0.00E+00	0.00E+00	4.06E+01	0.00E+00	0.00E+00	0.00E+00	6.52E+01	0.00E+00	1
22	43	47	46	0.00E+00	0.00E+00	1.71E+01	0.00E+00	0.00E+00	0.00E+00	5.51E+01	0.00E+00	1
26	47	51	50	0.00E+00	0.00E+00	2.36E+01	0.00E+00	0.00E+00	0.00E+00	3.56E+01	0.00E+00	1
26	48	52	51	0.00E+00	0.00E+00	2.28E+01	0.00E+00	0.00E+00	0.00E+00	3.51E+01	0.00E+00	1
28	50	54	53	0.00E+00	0.00E+00	1.49E+01	0.00E+00	0.00E+00	0.00E+00	4.22E+01	0.00E+00	1
33	55	30	29	0.00E+00	0.00E+00	3.64E+01	0.00E+00	0.00E+00	0.00E+00	6.28E+01	0.00E+00	1
22	48	52	51	0.00E+00	0.00E+00	2.99E+01	0.00E+00	0.00E+00	0.00E+00	3.52E+01	0.00E+00	1
26	52	56	55	0.00E+00	0.00E+00	3.05E+01	0.00E+00	0.00E+00	0.00E+00	6.33E+01	0.00E+00	1
20	47	51	50	0.00E+00	0.00E+00	2.62E+01	0.00E+00	0.00E+00	0.00E+00	3.50E+01	0.00E+00	1
6	34	3	2	0.00E+00	0.00E+00	3.26E+01	0.00E+00	0.00E+00	0.00E+00	2.67E+01	0.00E+00	1
13	43	10	9	0.00E+00	0.00E+00	4.03E+01	0.00E+00	0.00E+00	0.00E+00	3.72E+01	0.00E+00	1
17	47	51	50	0.00E+00	0.00E+00	2.10E+01	0.00E+00	0.00E+00	0.00E+00	3.78E+01	0.00E+00	1
10	43	7	6	0.00E+00	0.00E+00	4.62E+01	0.00E+00	0.00E+00	0.00E+00	3.43E+01	0.00E+00	1
13	46	10	9	0.00E+00	0.00E+00	4.38E+01	0.00E+00	0.00E+00	0.00E+00	3.06E+01	0.00E+00	1
13	46	50	49	0.00E+00	0.00E+00	4.55E+01	0.00E+00	0.00E+00	0.00E+00	3.01E+01	0.00E+00	1
18	51	15	14	0.00E+00	0.00E+00	2.95E+01	0.00E+00	0.00E+00	0.00E+00	4.54E+01	0.00E+00	1
7	43	4	3	0.00E+00	0.00E+00	3.11E+01	0.00E+00	0.00E+00	0.00E+00	2.69E+01	0.00E+00	1
9	45	49	48	0.00E+00	0.00E+00	2.89E+01	0.00E+00	0.00E+00	0.00E+00	7.07E+01	0.00E+00	1
10	46	50	49	0.00E+00	0.00E+00	4.47E+01	0.00E+00	0.00E+00	0.00E+00	3.00E+01	0.00E+00	1
10	46	7	6	0.00E+00	0.00E+00	4.91E+01	0.00E+00	0.00E+00	0.00E+00	3.51E+01	0.00E+00	1
14	50	54	53	0.00E+00	0.00E+00	2.96E+01	0.00E+00	0.00E+00	0.00E+00	4.10E+01	0.00E+00	1
15	51	55	54	0.00E+00	0.00E+00	4.75E+01	0.00E+00	0.00E+00	0.00E+00	3.76E+01	0.00E+00	1
15	51	12	11	0.00E+00	0.00E+00	4.06E+01	0.00E+00	0.00E+00	0.00E+00	2.38E+01	0.00E+00	1
17	53	14	13	0.00E+00	0.00E+00	3.12E+01	0.00E+00	0.00E+00	0.00E+00	3.27E+01	0.00E+00	1
7	45	49	48	0.00E+00	0.00E+00	3.31E+01	0.00E+00	0.00E+00	0.00E+00	3.25E+01	0.00E+00	1
7	45	4	3	0.00E+00	0.00E+00	2.48E+01	0.00E+00	0.00E+00	0.00E+00	2.81E+01	0.00E+00	1
12	50	9	8	0.00E+00	0.00E+00	3.65E+01	0.00E+00	0.00E+00	0.00E+00	3.13E+01	0.00E+00	1
14	52	11	10	0.00E+00	0.00E+00	3.69E+01	0.00E+00	0.00E+00	0.00E+00	3.76E+01	0.00E+00	1
16	54	13	12	0.00E+00	0.00E+00	4.34E+01	0.00E+00	0.00E+00	0.00E+00	3.59E+01	0.00E+00	1
4	43	47	46	0.00E+00	0.00E+00	1.81E+01	0.00E+00	0.00E+00	0.00E+00	5.76E+01	0.00E+00	1
6	45	49	48	0.00E+00	0.00E+00	3.71E+01	0.00E+00	0.00E+00	0.00E+00	3.22E+01	0.00E+00	1
6	45	3	2	0.00E+00	0.00E+00	4.46E+01	0.00E+00	0.00E+00	0.00E+00	2.06E+01	0.00E+00	1
9	48	52	51	0.00E+00	0.00E+00	3.94E+01	0.00E+00	0.00E+00	0.00E+00	3.66E+01	0.00E+00	1
4	46	50	49	0.00E+00	0.00E+00	2.95E+01	0.00E+00	0.00E+00	0.00E+00	3.92E+01	0.00E+00	1
1	46	50	49	0.00E+00	0.00E+00	4.37E+01	0.00E+00	0.00E+00	0.00E+00	3.03E+01	0.00E+00	1
5	50	2	1	0.00E+00	0.00E+00	2.30E+01	0.00E+00	0.00E+00	0.00E+00	1.67E+01	0.00E+00	1
5	50	54	53	0.00E+00	0.00E+00	2.06E+01	0.00E+00	0.00E+00	0.00E+00	4.41E+01	0.00E+00	1
10	55	7	6	0.00E+00	0.00E+00	5.07E+01	0.00E+00	0.00E+00	0.00E+00	2.99E+01	0.00E+00	1
3	54	6	7	0.00E+00	0.00E+00	2.22E+01	0.00E+00	0.00E+00	0.00E+00	3.34E+01	0.00E+00	1
4	55	51	52	0.00E+00	0.00E+00	3.87E+01	0.00E+00	0.00E+00	0.00E+00	4.00E+01	0.00E+00	1
1	46	42	43	0.00E+00	0.00E+00	4.46E+01	0.00E+00	0.00E+00	0.00E+00	4.68E+01	0.00E+00	1
4	49	45	46	0.00E+00	0.00E+00	3.21E+01	0.00E+00	0.00E+00	0.00E+00	4.29E+01	0.00E+00	1
5	50	8	9	0.00E+00	0.00E+00	1.69E+01	0.00E+00	0.00E+00	0.00E+00	2.71E+01	0.00E+00	1
5	50	46	47	0.00E+00	0.00E+00	2.80E+01	0.00E+00	0.00E+00	0.00E+00	4.19E+01	0.00E+00	1
8	53	11	12	0.00E+00	0.00E+00	4.37E+01	0.00E+00	0.00E+00	0.00E+00	3.43E+01	0.00E+00	1
9	54	12	13	0.00E+00	0.00E+00	3.66E+01	0.00E+00	0.00E+00	0.00E+00	3.86E+01	0.00E+00	1
10	55	13	14	0.00E+00	0.00E+00	3.39E+01	0.00E+00	0.00E+00	0.00E+00	3.72E+01	0.00E+00	1
2	46	42	43	0.00E+00	0.00E+00	4.10E+01	0.00E+00	0.00E+00	0.00E+00	4.64E+01	0.00E+00	1
9	53	12	13	0.00E+00	0.00E+00	2.94E+01	0.00E+00	0.00E+00	0.00E+00	4.04E+01	0.00E+00	1
8	50	11	12	0.00E+00	0.00E+00	3.88E+01	0.00E+00	0.00E+00	0.00E+00	3.16E+01	0.00E+00	1
8	50	46	47	0.00E+00	0.00E+00	3.48E+01	0.00E+00	0.00E+00	0.00E+00	3.21E+01	0.00E+00	1
13	55	16	17	0.00E+00	0.00E+00	4.35E+01	0.00E+00	0.00E+00	0.00E+00	1.03E+02	0.00E+00	1
13	55	51	52	0.00E+00	0.00E+00	5.45E+01	0.00E+00	0.00E+00	0.00E+00	4.71E+01	0.00E+00	1
4	43	7	8	0.00E+00	0.00E+00	4.45E+01	0.00E+00	0.00E+00	0.00E+00	3.12E+01	0.00E+00	1
6	45	41	42	0.00E+00	0.00E+00	2.42E+01	0.00E+00	0.00E+00	0.00E+00	3.66E+01	0.00E+00	1
6	45	9	10	0.00E+00	0.00E+00	3.56E+01	0.00E+00	0.00E+00	0.00E+00	2.90E+01	0.00E+00	1
8	47	11	12	0.00E+00	0.00E+00	4.29E+01	0.00E+00	0.00E+00	0.00E+00	3.43E+01	0.00E+00	1
9	48	44	45	0.00E+00	0.00E+00	4.09E+01	0.00E+00	0.00E+00	0.00E+00	3.89E+01	0.00E+00	1
9	48	12	13	0.00E+00	0.00E+00	2.89E+01	0.00E+00	0.00E+00	0.00E+00	3.99E+01	0.00E+00	1
11	50	14	15	0.00E+00	0.00E+00	3.90E+01	0.00E+00	0.00E+00	0.00E+00	4.00E+01	0.00E+00	1
11	50	46	47	0.00E+00	0.00E+00	3.62E+01	0.00E+00	0.00E+00	0.00E+00	3.22E+01	0.00E+00	1
14	53	17	18	0.00E+00	0.00E+00	4.27E+01	0.00E+00	0.00E+00	0.00E+00	5.34E+01	0.00E+00	1
7	45	41	42	0.00E+00	0.00E+00	1.93E+01	0.00E+00	0.00E+00	0.00E+00	3.59E+01	0.00E+00	1
7	45	10	11	0.00E+00	0.00E+00	2.04E+01	0.00E+00	0.00E+00	0.00E+00	3.87E+01	0.00E+00	1
10	48	13	14	0.00E+00	0.00E+00	3.66E+01	0.00E+00	0.00E+00	0.00E+00	3.72E+01	0.00E+00	1
12	50	15	16	0.00E+00	0.00E+00	3.77E+01	0.00E+00	0.00E+00	0.00E+00	3.59E+01	0.00E+00	1
12	50	46	47	0.00E+00	0.00E+00	1.71E+01	0.00E+00	0.00E+00	0.00E+00	3.48E+01	0.00E+00	1
16	54	50	51	0.00E+00	0.00E+00	3.59E+01	0.00E+00	0.00E+00	0.00E+00	3.02E+01	0.00E+00	1
17	55	51	52	0.00E+00	0.00E+00	2.37E+01	0.00E+00	0.00E+00	0.00E+00	4.55E+01	0.00E+00	1
9	45	41	42	0.00E+00	0.00E+00	2.11E+01	0.00E+00	0.00E+00	0.00E+00	3.63E+01	0.00E+00	1
9	45	12	13	0.00E+00	0.00E+00	2.62E+01	0.00E+00	0.00E+00	0.00E+00	2.96E+01	0.00E+00	1
14	50	46	47	0.00E+00	0.00E+00	4.10E+01	0.00E+00	0.00E+00	0.00E+00	3.18E+01	0.00E+00	1
15	51	18	19	0.00E+00	0.00E+00	4.09E+01	0.00E+00	0.00E+00	0.00E+00	5.29E+01	0.00E+00	1
17	53	49	50	0.00E+00	0.00E+00	2.34E+01	0.00E+00	0.00E+00	0.00E+00	3.55E+01	0.00E+00	1
10	43	13	14	0.00E+00	0.00E+00	4.08E+01	0.00E+00	0.00E+00	0.00E+00	3.74E+01	0.00E+00	1
13	46	16	17	0.00E+00	0.00E+00	4.17E+01	0.00E+00	0.00E+00	0.00E+00	8.65E+01	0.00E+00	1
18	51	47	48	0.00E+00	0.00E+00	4.71E+01	0.00E+00	0.00E+00	0.00E+00	3.09E+01	0.00E+00	1
20	53	49	50	0.00E+00	0.00E+00	3.05E+01	0.00E+00	0.00E+00	0.00E+00	3.37E+01	0.00E+00	1
17	47	20	21	0.00E+00	0.00E+00	2.26E+01	0.00E+00	0.00E+00	0.00E+00	6.65E+01	0.00E+00	1
17	47	43	44	0.00E+00	0.00E+00	2.15E+01	0.00E+00	0.00E+00	0.00E+00	4.25E+01	0.00E+00	1
6	34	9	10	0.00E+00	0.00E+00	3.62E+01	0.00E+00	0.00E+00	0.00E+00	3.57E+01	0.00E+00	1
6	34	30	31	0.00E+00	0.00E+00	3.86E+01	0.00E+00	0.00E+00	0.00E+00	2.15E+01	0.00E+00	1
26	54	50	51	0.00E+00	0.00E+00	3.41E+01	0.00E+00	0.00E+00	0.00E+00	2.73E+01	0.00E+00	1
12	39	15	16	0.00E+00	0.00E+00	3.34E+01	0.00E+00	0.00E+00	0.00E+00	4.54E+01	0.00E+00	1
20	47	43	44	0.00E+00	0.00E+00	2.75E+01	0.00E+00	0.00E+00	0.00E+00	4.05E+01	0.00E+00	1
23	50	46	47	0.00E+00	0.00E+00	3.62E+01	0.00E+00	0.00E+00	0.00E+00	2.71E+01	0.00E+00	1
26	53	49	50	0.00E+00	0.00E+00	3.73E+01	0.00E+00	0.00E+00	0.00E+00	3.39E+01	0.00E+00	1
27	54	50	51	0.00E+00	0.00E+00	3.97E+01	0.00E+00	0.00E+00	0.00E+00	2.94E+01	0.00E+00	1
20	46	42	43	0.00E+00	0.00E+00	3.33E+01	0.00E+00	0.00E+00	0.00E+00	3.59E+01	0.00E+00	1
22	48	44	45	0.00E+00	0.00E+00	2.88E+01	0.00E+00	0.00E+00	0.00E+00	2.55E+01	0.00E+00	1
24	50	46	47	0.00E+00	0.00E+00	3.72E+01	0.00E+00	0.00E+00	0.00E+00	3.05E+01	0.00E+00	1
26	52	48	49	0.00E+00	0.00E+00	2.16E+01	0.00E+00	0.00E+00	0.00E+00	3.13E+01	0.00E+00	1
29	55	32	33	0.00E+00	0.00E+00	4.74E+01	0.00E+00	0.00E+00	0.00E+00	1.33E+02	0.00E+00	1
29	55	51	52	0.00E+00	0.00E+00	4.50E+01	0.00E+00	0.00E+00	0.00E+00	4.72E+01	0.00E+00	1
32	54	50	51	0.00E+00	0.00E+00	3.22E+01	0.00E+00	0.00E+00	0.00E+00	2.83E+01	0.00E+00	1
33	55	51	52	0.00E+00	0.00E+00	2.20E+01	0.00E+00	0.00E+00	0.00E+00	4.67E+01	0.00E+00	1
8	29	11	12	0.00E+00	0.00E+00	3.53E+01	0.00E+00	0.00E+00	0.00E+00	3.48E+01	0.00E+00	1
23	44	26	27	0.00E+00	0.00E+00	2.03E+01	0.00E+00	0.00E+00	0.00E+00	3.53E+01	0.00E+00	1
25	46	42	43	0.00E+00	0.00E+00	3.29E+01	0.00E+00	0.00E+00	0.00E+00	3.68E+01	0.00E+00	1
26	47	43	44	0.00E+00	0.00E+00	2.54E+01	0.00E+00	0.00E+00	0.00E+00	4.15E+01	0.00E+00	1
27	48	44	45	0.00E+00	0.00E+00	3.58E+01	0.00E+00	0.00E+00	0.00E+00	2.84E+01	0.00E+00	1
41	62	44	45	0.00E+00	0.00E+00	3.82E+01	0.00E+00	0.00E+00	0.00E+00	4.95E+01	0.00E+00	1
28	48	44	45	0.00E+00	0.00E+00	4.21E+01	0.00E+00	0.00E+00	0.00E+00	3.95E+01	0.00E+00	1
33	53	49	50	0.00E+00	0.00E+00	2.78E+01	0.00E+00	0.00E+00	0.00E+00	3.51E+01	0.00E+00	1
23	42	26	27	0.00E+00	0.00E+00	2.36E+01	0.00E+00	0.00E+00	0.00E+00	3.38E+01	0.00E+00	1
31	50	46	47	0.00E+00	0.00E+00	3.53E+01	0.00E+00	0.00E+00	0.00E+00	3.00E+01	0.00E+00	1
16	34	30	31	0.00E+00	0.00E+00	2.76E+01	0.00E+00	0.00E+00	0.00E+00	3.67E+01	0.00E+00	1
33	51	47	48	0.00E+00	0.00E+00	4.33E+01	0.00E+00	0.00E+00	0.00E+00	4.24E+01	0.00E+00	1
4	19	15	16	0.00E+00	0.00E+00	3.27E+01	0.00E+00	0.00E+00	0.00E+00	4.29E+01	0.00E+00	1
13	28	16	17	0.00E+00	0.00E+00	4.65E+01	0.00E+00	0.00E+00	0.00E+00	1.50E+02	0.00E+00	1
32	47	43	44	0.00E+00	0.00E+00	3.10E+01	0.00E+00	0.00E+00	0.00E+00	4.04E+01	0.00E+00	1
41	53	49	50	0.00E+00	0.00E+00	3.23E+01	0.00E+00	0.00E+00	0.00E+00	3.58E+01	0.00E+00	1
41	53	44	45	0.00E+00	0.00E+00	4.85E+01	0.00E+00	0.00E+00	0.00E+00	3.40E+01	0.00E+00	1
25	34	30	31	0.00E+00	0.00E+00	4.68E+01	0.00E+00	0.00E+00	0.00E+00	3.78E+01	0.00E+00	1
25	34	21	20	0.00E+00	0.00E+00	3.71E+01	0.00E+00	0.00E+00	0.00E+00	5.47E+01	0.00E+00	1
29	39	44	43	0.00E+00	0.00E+00	3.51E+01	0.00E+00	0.00E+00	0.00E+00	4.61E+01	0.00E+00	1
32	43	28	27	0.00E+00	0.00E+00	1.44E+01	0.00E+00	0.00E+00	0.00E+00	9.68E+01	0.00E+00	1
13	28	9	8	0.00E+00	0.00E+00	5.27E+01	0.00E+00	0.00E+00	0.00E+00	4.52E+01	0.00E+00	1
14	29	34	33	0.00E+00	0.00E+00	3.29E+01	0.00E+00	0.00E+00	0.00E+00	6.10E+01	0.00E+00	1
11	29	34	33	0.00E+00	0.00E+00	3.07E+01	0.00E+00	0.00E+00	0.00E+00	6.15E+01	0.00E+00	1
23	43	48	47	0.00E+00	0.00E+00	2.79E+01	0.00E+00	0.00E+00	0.00E+00	4.18E+01	0.00E+00	1
29	49	54	53	0.00E+00	0.00E+00	3.97E+01	0.00E+00	0.00E+00	0.00E+00	5.08E+01	0.00E+00	1
31	51	56	55	0.00E+00	0.00E+00	2.95E+01	0.00E+00	0.00E+00	0.00E+00	6.28E+01	0.00E+00	1
7	34	3	2	0.00E+00	0.00E+00	4.50E+01	0.00E+00	0.00E+00	0.00E+00	2.84E+01	0.00E+00	1
20	48	16	15	0.00E+00	0.00E+00	1.29E+01	0.00E+00	0.00E+00	0.00E+00	5.90E+01	0.00E+00	1
14	50	55	54	0.00E+00	0.00E+00	2.68E+01	0.00E+00	0.00E+00	0.00E+00	4.51E+01	0.00E+00	1
15	51	56	55	0.00E+00	0.00E+00	2.30E+01	0.00E+00	0.00E+00	0.00E+00	6.39E+01	0.00E+00	1
15	51	11	10	0.00E+00	0.00E+00	2.53E+01	0.00E+00	0.00E+00	0.00E+00	4.52E+01	0.00E+00	1
1	39	44	43	0.00E+00	0.00E+00	4.10E+01	0.00E+00	0.00E+00	0.00E+00	4.78E+01	0.00E+00	1
12	50	8	7	0.00E+00	0.00E+00	8.86E+00	0.00E+00	0.00E+00	0.00E+00	4.18E+01	0.00E+00	1
15	53	11	10	0.00E+00	0.00E+00	3.49E+01	0.00E+00	0.00E+00	0.00E+00	4.35E+01	0.00E+00	1
6	45	50	49	0.00E+00	0.00E+00	3.07E+01	0.00E+00	0.00E+00	0.00E+00	2.85E+01	0.00E+00	1
11	50	7	6	0.00E+00	0.00E+00	3.66E+01	0.00E+00	0.00E+00	0.00E+00	4.44E+01	0.00E+00	1
8	50	4	3	0.00E+00	0.00E+00	3.90E+01	0.00E+00	0.00E+00	0.00E+00	3.05E+01	0.00E+00	1
3	54	49	50	0.00E+00	0.00E+00	4.39E+01	0.00E+00	0.00E+00	0.00E+00	3.23E+01	0.00E+00	1
3	54	7	8	0.00E+00	0.00E+00	2.15E+01	0.00E+00	0.00E+00	0.00E+00	4.09E+01	0.00E+00	1
5	50	9	10	0.00E+00	0.00E+00	1.99E+01	0.00E+00	0.00E+00	0.00E+00	4.25E+01	0.00E+00	1
5	50	45	46	0.00E+00	0.00E+00	4.44E+01	0.00E+00	0.00E+00	0.00E+00	2.82E+01	0.00E+00	1
9	54	13	14	0.00E+00	0.00E+00	3.83E+01	0.00E+00	0.00E+00	0.00E+00	4.02E+01	0.00E+00	1
10	55	50	51	0.00E+00	0.00E+00	4.12E+01	0.00E+00	0.00E+00	0.00E+00	4.27E+01	0.00E+00	1
2	46	41	42	0.00E+00	0.00E+00	4.34E+01	0.00E+00	0.00E+00	0.00E+00	3.82E+01	0.00E+00	1
2	46	6	7	0.00E+00	0.00E+00	2.44E+01	0.00E+00	0.00E+00	0.00E+00	4.44E+01	0.00E+00	1
4	48	43	44	0.00E+00	0.00E+00	1.61E+01	0.00E+00	0.00E+00	0.00E+00	4.92E+01	0.00E+00	1
8	52	12	13	0.00E+00	0.00E+00	4.37E+01	0.00E+00	0.00E+00	0.00E+00	4.74E+01	0.00E+00	1
9	53	13	14	0.00E+00	0.00E+00	2.95E+01	0.00E+00	0.00E+00	0.00E+00	4.07E+01	0.00E+00	1
8	50	12	13	0.00E+00	0.00E+00	3.48E+01	0.00E+00	0.00E+00	0.00E+00	3.34E+01	0.00E+00	1
13	55	50	51	0.00E+00	0.00E+00	4.68E+01	0.00E+00	0.00E+00	0.00E+00	4.35E+01	0.00E+00	1
6	45	10	11	0.00E+00	0.00E+00	2.47E+01	0.00E+00	0.00E+00	0.00E+00	4.04E+01	0.00E+00	1
9	48	13	14	0.00E+00	0.00E+00	2.91E+01	0.00E+00	0.00E+00	0.00E+00	4.05E+01	0.00E+00	1
11	50	45	46	0.00E+00	0.00E+00	2.33E+01	0.00E+00	0.00E+00	0.00E+00	5.22E+01	0.00E+00	1
7	45	11	12	0.00E+00	0.00E+00	2.46E+01	0.00E+00	0.00E+00	0.00E+00	2.99E+01	0.00E+00	1
11	49	15	16	0.00E+00	0.00E+00	3.70E+01	0.00E+00	0.00E+00	0.00E+00	8.90E+01	0.00E+00	1
12	50	16	17	0.00E+00	0.00E+00	1.48E+00	0.00E+00	0.00E+00	0.00E+00	1.27E+02	0.00E+00	1
12	50	45	46	0.00E+00	0.00E+00	1.04E+01	0.00E+00	0.00E+00	0.00E+00	4.64E+01	0.00E+00	1
16	54	49	50	0.00E+00	0.00E+00	2.44E+01	0.00E+00	0.00E+00	0.00E+00	3.69E+01	0.00E+00	1
7	43	11	12	0.00E+00	0.00E+00	3.69E+01	0.00E+00	0.00E+00	0.00E+00	3.48E+01	0.00E+00	1
9	45	13	14	0.00E+00	0.00E+00	2.94E+01	0.00E+00	0.00E+00	0.00E+00	3.99E+01	0.00E+00	1
13	49	44	45	0.00E+00	0.00E+00	4.44E+01	0.00E+00	0.00E+00	0.00E+00	4.69E+01	0.00E+00	1
14	50	45	46	0.00E+00	0.00E+00	2.73E+01	0.00E+00	0.00E+00	0.00E+00	5.36E+01	0.00E+00	1
15	51	46	47	0.00E+00	0.00E+00	3.36E+01	0.00E+00	0.00E+00	0.00E+00	5.84E+01	0.00E+00	1
26	62	30	31	0.00E+00	0.00E+00	4.40E+01	0.00E+00	0.00E+00	0.00E+00	2.78E+02	0.00E+00	1
13	46	17	18	0.00E+00	0.00E+00	3.02E+01	0.00E+00	0.00E+00	0.00E+00	7.44E+01	0.00E+00	1
18	51	46	47	0.00E+00	0.00E+00	3.64E+01	0.00E+00	0.00E+00	0.00E+00	7.02E+01	0.00E+00	1
13	43	17	18	0.00E+00	0.00E+00	3.58E+01	0.00E+00	0.00E+00	0.00E+00	7.23E+01	0.00E+00	1
21	51	46	47	0.00E+00	0.00E+00	3.39E+01	0.00E+00	0.00E+00	0.00E+00	5.88E+01	0.00E+00	1
6	34	10	11	0.00E+00	0.00E+00	5.29E+01	0.00E+00	0.00E+00	0.00E+00	2.66E+01	0.00E+00	1
20	48	43	44	0.00E+00	0.00E+00	2.29E+01	0.00E+00	0.00E+00	0.00E+00	4.74E+01	0.00E+00	1
7	34	11	12	0.00E+00	0.00E+00	4.84E+01	0.00E+00	0.00E+00	0.00E+00	3.51E+01	0.00E+00	1
23	50	45	46	0.00E+00	0.00E+00	1.79E+01	0.00E+00	0.00E+00	0.00E+00	6.15E+01	0.00E+00	1
24	51	46	47	0.00E+00	0.00E+00	3.75E+01	0.00E+00	0.00E+00	0.00E+00	5.92E+01	0.00E+00	1
27	54	49	50	0.00E+00	0.00E+00	2.97E+01	0.00E+00	0.00E+00	0.00E+00	3.62E+01	0.00E+00	1
13	39	17	18	0.00E+00	0.00E+00	2.37E+01	0.00E+00	0.00E+00	0.00E+00	5.58E+01	0.00E+00	1
22	48	43	44	0.00E+00	0.00E+00	2.25E+01	0.00E+00	0.00E+00	0.00E+00	4.59E+01	0.00E+00	1
24	50	45	46	0.00E+00	0.00E+00	2.16E+01	0.00E+00	0.00E+00	0.00E+00	5.68E+01	0.00E+00	1
26	52	47	48	0.00E+00	0.00E+00	4.86E+01	0.00E+00	0.00E+00	0.00E+00	5.02E+01	0.00E+00	1
29	55	33	34	0.00E+00	0.00E+00	4.85E+01	0.00E+00	0.00E+00	0.00E+00	3.75E+01	0.00E+00	1
29	55	50	51	0.00E+00	0.00E+00	3.86E+01	0.00E+00	0.00E+00	0.00E+00	4.46E+01	0.00E+00	1
26	48	43	44	0.00E+00	0.00E+00	1.82E+01	0.00E+00	0.00E+00	0.00E+00	4.63E+01	0.00E+00	1
8	29	12	13	0.00E+00	0.00E+00	3.51E+01	0.00E+00	0.00E+00	0.00E+00	4.92E+01	0.00E+00	1
27	48	43	44	0.00E+00	0.00E+00	3.12E+01	0.00E+00	0.00E+00	0.00E+00	4.44E+01	0.00E+00	1
30	51	46	47	0.00E+00	0.00E+00	4.07E+01	0.00E+00	0.00E+00	0.00E+00	5.85E+01	0.00E+00	1
24	44	28	29	0.00E+00	0.00E+00	3.36E+01	0.00E+00	0.00E+00	0.00E+00	1.09E+03	0.00E+00	1
30	50	45	46	0.00E+00	0.00E+00	2.93E+01	0.00E+00	0.00E+00	0.00E+00	5.57E+01	0.00E+00	1
31	50	45	46	0.00E+00	0.00E+00	1.92E+01	0.00E+00	0.00E+00	0.00E+00	6.00E+01	0.00E+00	1
11	29	15	16	0.00E+00	0.00E+00	1.78E+01	0.00E+00	0.00E+00	0.00E+00	6.09E+01	0.00E+00	1
16	34	20	21	0.00E+00	0.00E+00	3.34E+01	0.00E+00	0.00E+00	0.00E+00	1.40E+02	0.00E+00	1
45	60	49	50	0.00E+00	0.00E+00	3.28E+01	0.00E+00	0.00E+00	0.00E+00	3.70E+01	0.00E+00	1
13	28	34	33	0.00E+00	0.00E+00	3.09E+01	0.00E+00	0.00E+00	0.00E+00	7.11E+01	0.00E+00	1
28	45	51	50	0.00E+00	0.00E+00	2.25E+01	0.00E+00	0.00E+00	0.00E+00	4.36E+01	0.00E+00	1
33	55	28	27	0.00E+00	0.00E+00	2.29E+01	0.00E+00	0.00E+00	0.00E+00	1.00E+02	0.00E+00	1
29	55	61	60	0.00E+00	0.00E+00	3.29E+01	0.00E+00	0.00E+00	0.00E+00	9.26E+01	0.00E+00	1
1	28	34	33	0.00E+00	0.00E+00	3.51E+01	0.00E+00	0.00E+00	0.00E+00	6.85E+01	0.00E+00	1
24	51	19	18	0.00E+00	0.00E+00	3.52E+01	0.00E+00	0.00E+00	0.00E+00	2.82E+02	0.00E+00	1
9	45	51	50	0.00E+00	0.00E+00	1.82E+01	0.00E+00	0.00E+00	0.00E+00	4.61E+01	0.00E+00	1
7	45	51	50	0.00E+00	0.00E+00	1.47E+01	0.00E+00	0.00E+00	0.00E+00	4.68E+01	0.00E+00	1
12	50	7	6	0.00E+00	0.00E+00	3.13E+01	0.00E+00	0.00E+00	0.00E+00	4.45E+01	0.00E+00	1
12	50	56	55	0.00E+00	0.00E+00	1.32E+00	0.00E+00	0.00E+00	0.00E+00	6.29E+01	0.00E+00	1
6	45	51	50	0.00E+00	0.00E+00	1.98E+01	0.00E+00	0.00E+00	0.00E+00	4.53E+01	0.00E+00	1
11	50	56	55	0.00E+00	0.00E+00	1.89E+01	0.00E+00	0.00E+00	0.00E+00	6.24E+01	0.00E+00	1
8	50	56	55	0.00E+00	0.00E+00	1.90E+01	0.00E+00	0.00E+00	0.00E+00	6.23E+01	0.00E+00	1
20	62	15	14	0.00E+00	0.00E+00	1.58E+01	0.00E+00	0.00E+00	0.00E+00	9.78E+01	0.00E+00	1
5	50	56	55	0.00E+00	0.00E+00	2.94E+01	0.00E+00	0.00E+00	0.00E+00	6.68E+01	0.00E+00	1
10	55	61	60	0.00E+00	0.00E+00	3.45E+01	0.00E+00	0.00E+00	0.00E+00	8.16E+01	0.00E+00	1
1	53	6	7	0.00E+00	0.00E+00	2.89E+01	0.00E+00	0.00E+00	0.00E+00	5.58E+01	0.00E+00	1
1	46	6	7	0.00E+00	0.00E+00	2.38E+01	0.00E+00	0.00E+00	0.00E+00	5.79E+01	0.00E+00	1
5	50	44	45	0.00E+00	0.00E+00	2.69E+01	0.00E+00	0.00E+00	0.00E+00	5.38E+01	0.00E+00	1
10	55	15	16	0.00E+00	0.00E+00	1.59E+01	0.00E+00	0.00E+00	0.00E+00	6.96E+01	0.00E+00	1
9	48	42	43	0.00E+00	0.00E+00	3.39E+01	0.00E+00	0.00E+00	0.00E+00	5.03E+01	0.00E+00	1
1	39	6	7	0.00E+00	0.00E+00	2.49E+01	0.00E+00	0.00E+00	0.00E+00	5.74E+01	0.00E+00	1
10	48	42	43	0.00E+00	0.00E+00	4.40E+01	0.00E+00	0.00E+00	0.00E+00	4.97E+01	0.00E+00	1
10	48	15	16	0.00E+00	0.00E+00	2.12E+01	0.00E+00	0.00E+00	0.00E+00	6.57E+01	0.00E+00	1
9	45	14	15	0.00E+00	0.00E+00	2.16E+01	0.00E+00	0.00E+00	0.00E+00	6.06E+01	0.00E+00	1
10	46	15	16	0.00E+00	0.00E+00	1.85E+01	0.00E+00	0.00E+00	0.00E+00	6.75E+01	0.00E+00	1
10	43	15	16	0.00E+00	0.00E+00	2.40E+01	0.00E+00	0.00E+00	0.00E+00	6.59E+01	0.00E+00	1
20	48	25	26	0.00E+00	0.00E+00	2.16E+01	0.00E+00	0.00E+00	0.00E+00	1.58E+02	0.00E+00	1
1	28	6	7	0.00E+00	0.00E+00	2.53E+01	0.00E+00	0.00E+00	0.00E+00	5.82E+01	0.00E+00	1
12	39	17	18	0.00E+00	0.00E+00	1.04E+01	0.00E+00	0.00E+00	0.00E+00	4.70E+01	0.00E+00	1
29	39	46	45	0.00E+00	0.00E+00	2.67E+01	0.00E+00	0.00E+00	0.00E+00	7.92E+01	0.00E+00	1
23	34	17	16	0.00E+00	0.00E+00	5.26E+01	0.00E+00	0.00E+00	0.00E+00	5.94E+02	0.00E+00	1
41	53	46	47	0.00E+00	0.00E+00	2.22E+01	0.00E+00	0.00E+00	0.00E+00	5.28E+01	0.00E+00	1
28	48	42	43	0.00E+00	0.00E+00	3.60E+01	0.00E+00	0.00E+00	0.00E+00	5.21E+01	0.00E+00	1
15	34	20	21	0.00E+00	0.00E+00	4.16E+01	0.00E+00	0.00E+00	0.00E+00	8.92E+01	0.00E+00	1
33	51	45	46	0.00E+00	0.00E+00	2.68E+01	0.00E+00	0.00E+00	0.00E+00	7.37E+01	0.00E+00	1
31	50	25	24	0.00E+00	0.00E+00	9.05E+00	0.00E+00	0.00E+00	0.00E+00	2.37E+02	0.00E+00	1
33	52	27	26	0.00E+00	0.00E+00	2.00E+01	0.00E+00	0.00E+00	0.00E+00	1.21E+02	0.00E+00	1
28	45	33	34	0.00E+00	0.00E+00	2.34E+01	0.00E+00	0.00E+00	0.00E+00	6.62E+01	0.00E+00	1
29	49	56	55	0.00E+00	0.00E+00	9.59E+00	0.00E+00	0.00E+00	0.00E+00	7.19E+01	0.00E+00	1
33	53	27	26	0.00E+00	0.00E+00	2.57E+01	0.00E+00	0.00E+00	0.00E+00	1.45E+02	0.00E+00	1
22	43	16	15	0.00E+00	0.00E+00	4.18E-01	0.00E+00	0.00E+00	0.00E+00	1.08E+02	0.00E+00	1
45	60	50	51	0.00E+00	0.00E+00	3.52E+01	0.00E+00	0.00E+00	0.00E+00	4.35E+01	0.00E+00	1
28	54	61	60	0.00E+00	0.00E+00	3.55E+01	0.00E+00	0.00E+00	0.00E+00	7.31E+01	0.00E+00	1
13	49	56	55	0.00E+00	0.00E+00	1.64E+01	0.00E+00	0.00E+00	0.00E+00	7.56E+01	0.00E+00	1
3	54	61	60	0.00E+00	0.00E+00	2.41E+01	0.00E+00	0.00E+00	0.00E+00	7.78E+01	0.00E+00	1
3	54	9	10	0.00E+00	0.00E+00	2.59E+01	0.00E+00	0.00E+00	0.00E+00	5.74E+01	0.00E+00	1
9	54	15	16	0.00E+00	0.00E+00	2.17E+01	0.00E+00	0.00E+00	0.00E+00	7.19E+01	0.00E+00	1
9	53	15	16	0.00E+00	0.00E+00	1.12E+01	0.00E+00	0.00E+00	0.00E+00	8.04E+01	0.00E+00	1
9	53	46	47	0.00E+00	0.00E+00	2.69E+01	0.00E+00	0.00E+00	0.00E+00	7.29E+01	0.00E+00	1
8	50	14	15	0.00E+00	0.00E+00	3.28E+01	0.00E+00	0.00E+00	0.00E+00	5.98E+01	0.00E+00	1
9	48	15	16	0.00E+00	0.00E+00	1.14E+01	0.00E+00	0.00E+00	0.00E+00	7.85E+01	0.00E+00	1
6	34	12	13	0.00E+00	0.00E+00	3.83E+01	0.00E+00	0.00E+00	0.00E+00	5.30E+01	0.00E+00	1
26	54	32	33	0.00E+00	0.00E+00	2.16E+01	0.00E+00	0.00E+00	0.00E+00	4.47E+02	0.00E+00	1
12	39	32	33	0.00E+00	0.00E+00	2.77E+01	0.00E+00	0.00E+00	0.00E+00	7.64E+01	0.00E+00	1
24	44	17	16	0.00E+00	0.00E+00	3.30E+01	0.00E+00	0.00E+00	0.00E+00	5.46E+02	0.00E+00	1
24	50	17	16	0.00E+00	0.00E+00	4.58E+01	0.00E+00	0.00E+00	0.00E+00	4.74E+02	0.00E+00	1
24	51	17	16	0.00E+00	0.00E+00	3.46E+01	0.00E+00	0.00E+00	0.00E+00	4.22E+02	0.00E+00	1
27	48	33	34	0.00E+00	0.00E+00	2.58E+01	0.00E+00	0.00E+00	0.00E+00	7.19E+01	0.00E+00	1
41	62	55	56	0.00E+00	0.00E+00	1.59E+01	0.00E+00	0.00E+00	0.00E+00	1.26E+02	0.00E+00	1
30	50	43	44	0.00E+00	0.00E+00	3.08E+01	0.00E+00	0.00E+00	0.00E+00	5.95E+01	0.00E+00	1
31	50	43	44	0.00E+00	0.00E+00	1.97E+01	0.00E+00	0.00E+00	0.00E+00	6.09E+01	0.00E+00	1
33	52	45	46	0.00E+00	0.00E+00	1.55E+01	0.00E+00	0.00E+00	0.00E+00	1.07E+02	0.00E+00	1
26	43	32	33	0.00E+00	0.00E+00	9.47E+00	0.00E+00	0.00E+00	0.00E+00	4.14E+02	0.00E+00	1
3	54	46	47	0.00E+00	0.00E+00	2.25E+01	0.00E+00	0.00E+00	0.00E+00	7.55E+01	0.00E+00	1
5	50	42	43	0.00E+00	0.00E+00	2.19E+01	0.00E+00	0.00E+00	0.00E+00	6.31E+01	0.00E+00	1
5	50	12	13	0.00E+00	0.00E+00	1.93E+01	0.00E+00	0.00E+00	0.00E+00	6.14E+01	0.00E+00	1
9	54	46	47	0.00E+00	0.00E+00	3.53E+01	0.00E+00	0.00E+00	0.00E+00	7.09E+01	0.00E+00	1
9	54	16	17	0.00E+00	0.00E+00	4.97E+01	0.00E+00	0.00E+00	0.00E+00	1.93E+02	0.00E+00	1
9	53	16	17	0.00E+00	0.00E+00	3.74E+01	0.00E+00	0.00E+00	0.00E+00	1.93E+02	0.00E+00	1
8	47	15	16	0.00E+00	0.00E+00	1.45E+01	0.00E+00	0.00E+00	0.00E+00	9.14E+01	0.00E+00	1
9	48	16	17	0.00E+00	0.00E+00	3.85E+01	0.00E+00	0.00E+00	0.00E+00	2.86E+02	0.00E+00	1
1	39	31	32	0.00E+00	0.00E+00	5.01E+01	0.00E+00	0.00E+00	0.00E+00	2.12E+02	0.00E+00	1
7	45	14	15	0.00E+00	0.00E+00	1.70E+01	0.00E+00	0.00E+00	0.00E+00	7.78E+01	0.00E+00	1
8	46	15	16	0.00E+00	0.00E+00	1.47E+01	0.00E+00	0.00E+00	0.00E+00	9.07E+01	0.00E+00	1
10	43	17	18	0.00E+00	0.00E+00	2.50E+01	0.00E+00	0.00E+00	0.00E+00	1.12E+02	0.00E+00	1
29	39	20	19	0.00E+00	0.00E+00	3.10E+01	0.00E+00	0.00E+00	0.00E+00	1.84E+02	0.00E+00	1
26	43	33	34	0.00E+00	0.00E+00	1.42E+01	0.00E+00	0.00E+00	0.00E+00	8.14E+01	0.00E+00	1
41	53	32	31	0.00E+00	0.00E+00	4.92E+01	0.00E+00	0.00E+00	0.00E+00	7.04E+02	0.00E+00	1
28	54	46	47	0.00E+00	0.00E+00	3.20E+01	0.00E+00	0.00E+00	0.00E+00	7.31E+01	0.00E+00	1
8	28	15	16	0.00E+00	0.00E+00	2.55E+01	0.00E+00	0.00E+00	0.00E+00	8.12E+01	0.00E+00	1
8	29	15	16	0.00E+00	0.00E+00	1.06E+01	0.00E+00	0.00E+00	0.00E+00	9.19E+01	0.00E+00	1
33	53	45	46	0.00E+00	0.00E+00	1.74E+01	0.00E+00	0.00E+00	0.00E+00	1.07E+02	0.00E+00	1
26	43	17	16	0.00E+00	0.00E+00	3.00E+01	0.00E+00	0.00E+00	0.00E+00	8.65E+02	0.00E+00	1
29	46	20	19	0.00E+00	0.00E+00	2.45E+01	0.00E+00	0.00E+00	0.00E+00	2.23E+02	0.00E+00	1
29	49	20	19	0.00E+00	0.00E+00	1.87E+01	0.00E+00	0.00E+00	0.00E+00	4.19E+02	0.00E+00	1
8	52	16	17	0.00E+00	0.00E+00	5.33E+01	0.00E+00	0.00E+00	0.00E+00	3.38E+02	0.00E+00	1
29	55	20	19	0.00E+00	0.00E+00	9.53E+00	0.00E+00	0.00E+00	0.00E+00	2.21E+02	0.00E+00	1
9	48	17	18	0.00E+00	0.00E+00	1.64E+01	0.00E+00	0.00E+00	0.00E+00	1.23E+02	0.00E+00	1
7	43	15	16	0.00E+00	0.00E+00	1.30E+01	0.00E+00	0.00E+00	0.00E+00	9.73E+01	0.00E+00	1
9	45	17	18	0.00E+00	0.00E+00	2.85E+01	0.00E+00	0.00E+00	0.00E+00	1.22E+02	0.00E+00	1
27	44	17	16	0.00E+00	0.00E+00	1.75E+01	0.00E+00	0.00E+00	0.00E+00	7.06E+02	0.00E+00	1
28	45	18	17	0.00E+00	0.00E+00	1.39E+01	0.00E+00	0.00E+00	0.00E+00	3.94E+02	0.00E+00	1
26	54	45	46	0.00E+00	0.00E+00	1.44E+01	0.00E+00	0.00E+00	0.00E+00	1.28E+02	0.00E+00	1
7	34	15	16	0.00E+00	0.00E+00	2.36E+01	0.00E+00	0.00E+00	0.00E+00	8.52E+01	0.00E+00	1
33	52	23	22	0.00E+00	0.00E+00	2.12E+01	0.00E+00	0.00E+00	0.00E+00	9.71E+02	0.00E+00	1
29	39	18	17	0.00E+00	0.00E+00	3.63E+01	0.00E+00	0.00E+00	0.00E+00	5.47E+02	0.00E+00	1
32	54	45	46	0.00E+00	0.00E+00	1.62E+01	0.00E+00	0.00E+00	0.00E+00	1.15E+02	0.00E+00	1
33	55	23	22	0.00E+00	0.00E+00	2.64E+01	0.00E+00	0.00E+00	0.00E+00	1.04E+03	0.00E+00	1
29	55	19	18	0.00E+00	0.00E+00	2.85E+01	0.00E+00	0.00E+00	0.00E+00	4.69E+02	0.00E+00	1
27	60	17	16	0.00E+00	0.00E+00	2.52E+01	0.00E+00	0.00E+00	0.00E+00	2.68E+02	0.00E+00	1
28	45	17	16	0.00E+00	0.00E+00	4.50E+01	0.00E+00	0.00E+00	0.00E+00	7.53E+02	0.00E+00	1
29	46	18	17	0.00E+00	0.00E+00	3.64E+01	0.00E+00	0.00E+00	0.00E+00	5.92E+02	0.00E+00	1
7	43	16	17	0.00E+00	0.00E+00	4.78E+01	0.00E+00	0.00E+00	0.00E+00	2.35E+02	0.00E+00	1
15	51	24	25	0.00E+00	0.00E+00	4.23E+01	0.00E+00	0.00E+00	0.00E+00	4.70E+02	0.00E+00	1
28	48	17	16	0.00E+00	0.00E+00	3.43E+01	0.00E+00	0.00E+00	0.00E+00	4.41E+02	0.00E+00	1
28	50	17	16	0.00E+00	0.00E+00	4.69E+01	0.00E+00	0.00E+00	0.00E+00	4.88E+02	0.00E+00	1
28	54	17	16	0.00E+00	0.00E+00	3.56E+01	0.00E+00	0.00E+00	0.00E+00	5.60E+02	0.00E+00	1
6	34	15	16	0.00E+00	0.00E+00	1.44E+01	0.00E+00	0.00E+00	0.00E+00	9.60E+01	0.00E+00	1
7	34	16	17	0.00E+00	0.00E+00	5.38E+01	0.00E+00	0.00E+00	0.00E+00	1.97E+02	0.00E+00	1
23	50	32	33	0.00E+00	0.00E+00	2.80E+01	0.00E+00	0.00E+00	0.00E+00	5.64E+02	0.00E+00	1
29	48	17	16	0.00E+00	0.00E+00	3.41E+01	0.00E+00	0.00E+00	0.00E+00	6.64E+02	0.00E+00	1
33	52	21	20	0.00E+00	0.00E+00	2.81E+01	0.00E+00	0.00E+00	0.00E+00	1.50E+03	0.00E+00	1
29	49	17	16	0.00E+00	0.00E+00	3.35E+01	0.00E+00	0.00E+00	0.00E+00	4.28E+02	0.00E+00	1
5	50	15	16	0.00E+00	0.00E+00	3.70E+00	0.00E+00	0.00E+00	0.00E+00	1.15E+02	0.00E+00	1
10	55	20	21	0.00E+00	0.00E+00	2.32E+01	0.00E+00	0.00E+00	0.00E+00	1.70E+02	0.00E+00	1
4	46	14	15	0.00E+00	0.00E+00	2.23E+01	0.00E+00	0.00E+00	0.00E+00	2.68E+02	0.00E+00	1
22	64	32	33	0.00E+00	0.00E+00	2.23E+01	0.00E+00	0.00E+00	0.00E+00	3.71E+02	0.00E+00	1
29	55	17	16	0.00E+00	0.00E+00	3.07E+01	0.00E+00	0.00E+00	0.00E+00	7.63E+02	0.00E+00	1
21	51	31	32	0.00E+00	0.00E+00	4.34E+01	0.00E+00	0.00E+00	0.00E+00	4.65E+02	0.00E+00	1
6	34	16	17	0.00E+00	0.00E+00	4.38E+01	0.00E+00	0.00E+00	0.00E+00	3.62E+02	0.00E+00	1
31	50	18	17	0.00E+00	0.00E+00	3.03E+01	0.00E+00	0.00E+00	0.00E+00	6.72E+02	0.00E+00	1
22	34	8	7	0.00E+00	0.00E+00	1.21E+01	0.00E+00	0.00E+00	0.00E+00	6.49E+02	0.00E+00	1
5	50	16	17	0.00E+00	0.00E+00	2.89E+01	0.00E+00	0.00E+00	0.00E+00	2.44E+02	0.00E+00	1
9	54	20	21	0.00E+00	0.00E+00	3.37E+01	0.00E+00	0.00E+00	0.00E+00	2.60E+02	0.00E+00	1
31	49	17	16	0.00E+00	0.00E+00	4.10E+01	0.00E+00	0.00E+00	0.00E+00	1.15E+03	0.00E+00	1
1	28	16	17	0.00E+00	0.00E+00	4.55E+01	0.00E+00	0.00E+00	0.00E+00	6.97E+02	0.00E+00	1
7	45	18	19	0.00E+00	0.00E+00	2.63E+01	0.00E+00	0.00E+00	0.00E+00	1.74E+02	0.00E+00	1
6	34	17	18	0.00E+00	0.00E+00	2.89E+01	0.00E+00	0.00E+00	0.00E+00	2.44E+02	0.00E+00	1
7	43	31	32	0.00E+00	0.00E+00	4.87E+01	0.00E+00	0.00E+00	0.00E+00	4.14E+02	0.00E+00	1
13	43	24	25	0.00E+00	0.00E+00	4.02E+01	0.00E+00	0.00E+00	0.00E+00	1.98E+02	0.00E+00	1
13	46	24	25	0.00E+00	0.00E+00	4.03E+01	0.00E+00	0.00E+00	0.00E+00	2.91E+02	0.00E+00	1
41	53	25	24	0.00E+00	0.00E+00	3.48E+01	0.00E+00	0.00E+00	0.00E+00	1.66E+03	0.00E+00	1
33	52	18	17	0.00E+00	0.00E+00	2.88E+01	0.00E+00	0.00E+00	0.00E+00	2.49E+03	0.00E+00	1
33	53	18	17	0.00E+00	0.00E+00	1.99E+01	0.00E+00	0.00E+00	0.00E+00	1.37E+03	0.00E+00	1
5	50	17	18	0.00E+00	0.00E+00	1.23E+01	0.00E+00	0.00E+00	0.00E+00	2.59E+02	0.00E+00	1
4	43	16	17	0.00E+00	0.00E+00	2.32E+01	0.00E+00	0.00E+00	0.00E+00	3.72E+02	0.00E+00	1
7	45	32	33	0.00E+00	0.00E+00	2.94E+01	0.00E+00	0.00E+00	0.00E+00	4.40E+02	0.00E+00	1
9	45	21	22	0.00E+00	0.00E+00	1.95E+01	0.00E+00	0.00E+00	0.00E+00	4.25E+02	0.00E+00	1
9	45	32	33	0.00E+00	0.00E+00	2.43E+01	0.00E+00	0.00E+00	0.00E+00	7.34E+02	0.00E+00	1
33	55	17	16	0.00E+00	0.00E+00	3.15E+01	0.00E+00	0.00E+00	0.00E+00	1.86E+03	0.00E+00	1
3	54	16	17	0.00E+00	0.00E+00	3.59E+01	0.00E+00	0.00E+00	0.00E+00	4.32E+02	0.00E+00	1
4	55	17	18	0.00E+00	0.00E+00	9.73E+00	0.00E+00	0.00E+00	0.00E+00	4.41E+02	0.00E+00	1
17	47	31	32	0.00E+00	0.00E+00	5.61E+01	0.00E+00	0.00E+00	0.00E+00	5.86E+02	0.00E+00	1
13	46	32	33	0.00E+00	0.00E+00	2.85E+01	0.00E+00	0.00E+00	0.00E+00	4.30E+02	0.00E+00	1
4	43	17	18	0.00E+00	0.00E+00	1.84E+01	0.00E+00	0.00E+00	0.00E+00	8.47E+02	0.00E+00	1
15	51	28	29	0.00E+00	0.00E+00	2.06E+01	0.00E+00	0.00E+00	0.00E+00	4.63E+02	0.00E+00	1
10	43	24	25	0.00E+00	0.00E+00	4.19E+01	0.00E+00	0.00E+00	0.00E+00	2.25E+02	0.00E+00	1
3	54	17	18	0.00E+00	0.00E+00	6.63E+00	0.00E+00	0.00E+00	0.00E+00	2.75E+02	0.00E+00	1
22	34	2	1	0.00E+00	0.00E+00	3.05E+01	0.00E+00	0.00E+00	0.00E+00	1.51E+03	0.00E+00	1
10	55	24	25	0.00E+00	0.00E+00	2.83E+01	0.00E+00	0.00E+00	0.00E+00	3.10E+02	0.00E+00	1
7	43	28	29	0.00E+00	0.00E+00	1.81E+01	0.00E+00	0.00E+00	0.00E+00	2.90E+02	0.00E+00	1
9	45	30	31	0.00E+00	0.00E+00	3.64E+00	0.00E+00	0.00E+00	0.00E+00	2.59E+02	0.00E+00	1
10	46	31	32	0.00E+00	0.00E+00	5.03E+01	0.00E+00	0.00E+00	0.00E+00	3.64E+02	0.00E+00	1
2	46	31	32	0.00E+00	0.00E+00	5.38E+01	0.00E+00	0.00E+00	0.00E+00	5.11E+02	0.00E+00	1
2	46	16	17	0.00E+00	0.00E+00	4.04E+01	0.00E+00	0.00E+00	0.00E+00	5.00E+02	0.00E+00	1
10	48	24	25	0.00E+00	0.00E+00	4.35E+01	0.00E+00	0.00E+00	0.00E+00	8.15E+02	0.00E+00	1
17	55	31	32	0.00E+00	0.00E+00	4.91E+01	0.00E+00	0.00E+00	0.00E+00	1.08E+03	0.00E+00	1
9	45	29	30	0.00E+00	0.00E+00	3.00E+01	0.00E+00	0.00E+00	0.00E+00	5.18E+02	0.00E+00	1
1	53	16	17	0.00E+00	0.00E+00	4.41E+01	0.00E+00	0.00E+00	0.00E+00	3.39E+02	0.00E+00	1
1	39	16	17	0.00E+00	0.00E+00	4.96E+01	0.00E+00	0.00E+00	0.00E+00	1.33E+03	0.00E+00	1
16	54	31	32	0.00E+00	0.00E+00	4.51E+01	0.00E+00	0.00E+00	0.00E+00	1.18E+03	0.00E+00	1
8	47	31	32	0.00E+00	0.00E+00	4.67E+01	0.00E+00	0.00E+00	0.00E+00	8.46E+02	0.00E+00	1
9	48	24	25	0.00E+00	0.00E+00	2.77E+01	0.00E+00	0.00E+00	0.00E+00	3.98E+02	0.00E+00	1
9	48	32	33	0.00E+00	0.00E+00	2.88E+01	0.00E+00	0.00E+00	0.00E+00	4.77E+02	0.00E+00	1
1	46	16	17	0.00E+00	0.00E+00	4.65E+01	0.00E+00	0.00E+00	0.00E+00	1.00E+03	0.00E+00	1
5	50	20	21	0.00E+00	0.00E+00	3.70E+00	0.00E+00	0.00E+00	0.00E+00	1.94E+02	0.00E+00	1
9	53	24	25	0.00E+00	0.00E+00	4.02E+01	0.00E+00	0.00E+00	0.00E+00	1.06E+03	0.00E+00	1
16	60	31	32	0.00E+00	0.00E+00	5.52E+01	0.00E+00	0.00E+00	0.00E+00	1.34E+03	0.00E+00	1
15	51	31	32	0.00E+00	0.00E+00	4.14E+01	0.00E+00	0.00E+00	0.00E+00	8.99E+02	0.00E+00	1
13	49	31	32	0.00E+00	0.00E+00	4.93E+01	0.00E+00	0.00E+00	0.00E+00	4.24E+02	0.00E+00	1
10	48	31	32	0.00E+00	0.00E+00	5.19E+01	0.00E+00	0.00E+00	0.00E+00	4.02E+02	0.00E+00	1
4	55	20	21	0.00E+00	0.00E+00	2.17E+01	0.00E+00	0.00E+00	0.00E+00	1.01E+03	0.00E+00	1
1	46	17	18	0.00E+00	0.00E+00	2.42E+01	0.00E+00	0.00E+00	0.00E+00	4.88E+02	0.00E+00	1
5	50	32	33	0.00E+00	0.00E+00	2.14E+01	0.00E+00	0.00E+00	0.00E+00	5.98E+02	0.00E+00	1
3	54	20	21	0.00E+00	0.00E+00	2.82E+01	0.00E+00	0.00E+00	0.00E+00	6.23E+02	0.00E+00	1
13	55	31	32	0.00E+00	0.00E+00	5.04E+01	0.00E+00	0.00E+00	0.00E+00	6.81E+02	0.00E+00	1
4	48	22	23	0.00E+00	0.00E+00	6.55E+00	0.00E+00	0.00E+00	0.00E+00	5.63E+02	0.00E+00	1
13	55	32	33	0.00E+00	0.00E+00	1.99E+01	0.00E+00	0.00E+00	0.00E+00	4.99E+02	0.00E+00	1
4	49	22	23	0.00E+00	0.00E+00	2.28E+01	0.00E+00	0.00E+00	0.00E+00	1.46E+03	0.00E+00	1
4	46	24	25	0.00E+00	0.00E+00	3.85E+01	0.00E+00	0.00E+00	0.00E+00	1.96E+03	0.00E+00	1
4	55	22	23	0.00E+00	0.00E+00	1.34E+01	0.00E+00	0.00E+00	0.00E+00	7.07E+02	0.00E+00	1
5	50	24	25	0.00E+00	0.00E+00	2.04E+01	0.00E+00	0.00E+00	0.00E+00	4.29E+02	0.00E+00	1
9	53	31	32	0.00E+00	0.00E+00	4.29E+01	0.00E+00	0.00E+00	0.00E+00	9.78E+02	0.00E+00	1
8	53	31	32	0.00E+00	0.00E+00	4.59E+01	0.00E+00	0.00E+00	0.00E+00	4.57E+02	0.00E+00	1
10	55	31	32	0.00E+00	0.00E+00	3.47E+01	0.00E+00	0.00E+00	0.00E+00	4.59E+02	0.00E+00	1
1	46	23	24	0.00E+00	0.00E+00	9.58E+00	0.00E+00	0.00E+00	0.00E+00	4.22E+02	0.00E+00	1
10	55	32	33	0.00E+00	0.00E+00	2.99E+01	0.00E+00	0.00E+00	0.00E+00	6.76E+02	0.00E+00	1
3	54	31	32	0.00E+00	0.00E+00	3.77E+01	0.00E+00	0.00E+00	0.00E+00	3.75E+02	0.00E+00	1
4	55	31	32	0.00E+00	0.00E+00	5.48E+01	0.00E+00	0.00E+00	0.00E+00	9.63E+02	0.00E+00	1
4	55	30	31	0.00E+00	0.00E+00	4.71E+00	0.00E+00	0.00E+00	0.00E+00	8.95E+02	0.00E+00	1
0												
