Average current for each electrode(+Ql):  No of electrode,  average current, =1 means the current<I_threshold
 1             0.5231522     0             35250 
 2             0.4954578     0             35372 
 3             0.4926354     0             35414 
 4             0.523669      0             35619 
 5             0.5363264     0             35803 
 6             0.5048488     0             36561 
 7             0.5167838     0             36141 
 8             0.5162092     0             36628 
 9             0.545653      0             36062 
 10            0.5216413     0             36068 
 11            0.5059325     0             36095 
 12            0.5344242     0             36037 
 13            0.5182765     0             36110 
 14            0.523113      0             36804 
 15            0.5297044     0             36317 
 16            0.4473316     0             34921 
 17            0.4254332     0             44797 
 18            0.5325062     0             45943 
 19            0.4777879     0             47510 
 20            0.5285916     0             46680 
 21            0.5351884     0             46675 
 22            0.4425547     0             43653 
 23            0.5286385     0             44753 
 24            0.1987092     0             48852 
 25            0.09641291    0             46520 
 26            0.4874403     0             43625 
 27            0.5175389     0             47502 
 28            0.3918839     0             45759 
 29            0.5155004     0             46504 
 30            0.5092894     0             47615 
 31            0.5205877     0             45356 
 32            0.5133176     0             45983 
 33            0.5516198     0             37404 
 34            0.5299366     0             36944 
 35            0.5328818     0             37065 
 36            0.5487885     0             36880 
 37            0             1             23775 
 38            0             1             19866 
 39            0.5496859     0             36582 
 40            0             1             51826 
 41            0.5198535     0             37423 
 42            0.5297932     0             37032 
 43            0.5220768     0             37229 
 44            0.5386137     0             37042 
 45            0.5172882     0             36543 
 46            0.5098795     0             37915 
 47            0.5013997     0             37322 
 48            0.479493      0             37834 
 49            0.5121686     0             40435 
 50            0.5259504     0             44256 
 51            0.5229574     0             43337 
 52            0.5478948     0             42184 
 53            0.5321705     0             44419 
 54            0.5176302     0             41378 
 55            0.5416915     0             42749 
 56            0.5757056     0             41557 
 57            0             1             106406 
 58            0             1             184132 
 59            0             1             55415 
 60            0.5574037     0             166122 
 61            0.534704      0             60500 
 62            0.5348544     0             72462 
 63            0             1             120272 
 64            0.5568625     0             40539 
 65            0             1             56312 
 66            0             1             33473 
 67            0             1             24977 
 68            0             1             14193 
 69            0             1             1882 
 70            0             1             34806 
 71            0             1             5744 
 72            0             1             41140 
 73            0             1             11323 
 74            0             1             27644 
 75            0             1             30797 
 76            0             1             14005 
 77            0             1             14182 
 78            0             1             35978 
 79            0             1             33121 
 80            0             1             21386 
 81            0             1             166136 
 82            0             1             70974 
 83            0             1             51775 
 84            0             1             45307 
 85            0             1             78740 
 86            0             1             102200 
 87            0             1             121663 
 88            0             1             84081 
 89            0             1             276652 
 90            0             1             234584 
 91            0             1             43751 
 92            0             1             67294 
 93            0             1             130154 
 94            0             1             186594 
 95            0             1             115297 
 96            0             1             193414 
No.   A_posi   B_posi   Current   Vlevel   Qaverage
 1             1             7             0.592657      0             0 
 2             2             8             0.582601      0             0 
 3             3             9             0.580793      0             0 
 4             4             10            0.586303      0             0 
 5             5             11            0.575792      0             0 
 6             6             12            0.584422      0             0 
 7             7             13            0.570353      0             0 
 8             8             14            0.568338      0             0 
 9             9             15            0.58657       0             0 
 10            10            16            0.547499      0             0 
 11            11            17            0.466725      0             0 
 12            12            18            0.576878      0             0 
 13            13            19            0.53501       0             0 
 14            14            20            0.588174      0             0 
 15            15            21            0.575503      0             0 
 16            16            22            0.368046      0             0 
 17            17            23            0.442107      0             0 
 18            18            24            0.212976      0             0 
 19            19            25            0.09145       0             0 
 20            20            26            0.443141      0             0 
 21            21            27            0.579965      0             0 
 22            22            28            0.309782      0             0 
 23            23            29            0.530328      0             0 
 24            24            30            0.222978      0             0 
 25            25            31            0.104813      0             0 
 26            26            32            0.468608      0             0 
 27            27            33            0.575511      0             0 
 28            28            34            0.443949      0             0 
 29            29            35            0.566252      0             0 
 30            30            36            0.582501      0             0 
 31            33            39            0.584552      0             0 
 32            35            41            0.563184      0             0 
 33            36            42            0.594698      0             0 
 34            39            45            0.58275       0             0 
 35            41            47            0.528761      0             0 
 36            42            48            0.522331      0             0 
 37            43            49            0.58415       0             0 
 38            44            50            0.579369      0             0 
 39            45            51            0.573666      0             0 
 40            46            52            0.587183      0             0 
 41            47            53            0.48906       0             0 
 42            48            54            0.491292      0             0 
 43            49            55            0.58007       0             0 
 44            50            56            0.593533      0             0 
 45            54            60            0.573118      0             0 
 46            55            61            0.610376      0             0 
 47            56            62            0.595774      0             0 
 48            1             15            0.589433      0             0 
 49            2             16            0.448792      0             0 
 50            3             17            0.43386       0             0 
 51            4             18            0.583344      0             0 
 52            5             19            0.584657      0             0 
 53            6             20            0.585809      0             0 
 54            7             21            0.566282      0             0 
 55            8             22            0.426444      0             0 
 56            9             23            0.589047      0             0 
 57            10            24            0.215087      0             0 
 58            11            25            0.098514      0             0 
 59            12            26            0.504606      0             0 
 60            13            27            0.560427      0             0 
 61            14            28            0.430128      0             0 
 62            15            29            0.584628      0             0 
 63            16            30            0.437938      0             0 
 64            17            31            0.467831      0             0 
 65            18            32            0.564191      0             0 
 66            19            33            0.56173       0             0 
 67            20            34            0.560127      0             0 
 68            21            35            0.579691      0             0 
 69            22            36            0.514611      0             0 
 70            25            39            0.115622      0             0 
 71            27            41            0.564268      0             0 
 72            28            42            0.456611      0             0 
 73            29            43            0.568923      0             0 
 74            30            44            0.569278      0             0 
 75            31            45            0.577132      0             0 
 76            32            46            0.567125      0             0 
 77            33            47            0.570348      0             0 
 78            34            48            0.528288      0             0 
 79            35            49            0.559153      0             0 
 80            36            50            0.570011      0             0 
 81            39            53            0.568574      0             0 
 82            41            55            0.574362      0             0 
 83            42            56            0.619938      0             0 
 84            46            60            0.587078      0             0 
 85            47            61            0.507772      0             0 
 86            48            62            0.520113      0             0 
 87            50            64            0.581603      0             0 
 88            1             25            0.094312      0             0 
 89            2             26            0.427731      0             0 
 90            3             27            0.574954      0             0 
 91            4             28            0.395744      0             0 
 92            5             29            0.625899      0             0 
 93            6             30            0.587449      0             0 
 94            7             31            0.607288      0             0 
 95            8             32            0.570955      0             0 
 96            9             33            0.560959      0             0 
 97            10            34            0.590051      0             0 
 98            11            35            0.564484      0             0 
 99            12            36            0.573136      0             0 
 100           15            39            0.543992      0             0 
 101           17            41            0.423582      0             0 
 102           18            42            0.57803       0             0 
 103           19            43            0.543631      0             0 
 104           20            44            0.555225      0             0 
 105           21            45            0.553515      0             0 
 106           22            46            0.437432      0             0 
 107           23            47            0.526608      0             0 
 108           24            48            0.20131       0             0 
 109           25            49            0.106833      0             0 
 110           26            50            0.500154      0             0 
 111           27            51            0.535586      0             0 
 112           28            52            0.458789      0             0 
 113           29            53            0.486497      0             0 
 114           30            54            0.558203      0             0 
 115           31            55            0.584768      0             0 
 116           32            56            0.5446        0             0 
 117           36            60            0.565905      0             0 
 118           1             35            0.569888      0             0 
 119           2             36            0.566169      0             0 
 120           5             39            0.563277      0             0 
 121           7             41            0.566674      0             0 
 122           8             42            0.553179      0             0 
 123           9             43            0.579465      0             0 
 124           10            44            0.572013      0             0 
 125           11            45            0.540335      0             0 
 126           12            46            0.554777      0             0 
 127           13            47            0.540429      0             0 
 128           14            48            0.541476      0             0 
 129           15            49            0.563214      0             0 
 130           16            50            0.46486       0             0 
 131           17            51            0.434356      0             0 
 132           18            52            0.568602      0             0 
 133           19            53            0.476843      0             0 
 134           20            54            0.547917      0             0 
 135           21            55            0.554364      0             0 
 136           22            56            0.426797      0             0 
 137           26            60            0.557444      0             0 
 138           27            61            0.499365      0             0 
 139           28            62            0.481532      0             0 
 140           30            64            0.559304      0             0 
 141           1             4             0.572594      0             0 
 142           2             5             0.549663      0             0 
 143           3             6             0.55217       0             0 
 144           4             7             0.568974      0             0 
 145           5             8             0.561565      0             0 
 146           6             9             0.56939       0             0 
 147           7             10            0.564628      0             0 
 148           8             11            0.564202      0             0 
 149           9             12            0.575514      0             0 
 150           10            13            0.571782      0             0 
 151           11            14            0.56247       0             0 
 152           12            15            0.566056      0             0 
 153           13            16            0.459863      0             0 
 154           14            17            0.469067      0             0 
 155           15            18            0.587404      0             0 
 156           16            19            0.432081      0             0 
 157           17            20            0.454364      0             0 
 158           18            21            0.567848      0             0 
 159           19            22            0.408057      0             0 
 160           20            23            0.542963      0             0 
 161           21            24            0.200617      0             0 
 162           22            25            0.09194       0             0 
 163           23            26            0.457599      0             0 
 164           24            27            0.23592       0             0 
 165           25            28            0.092428      0             0 
 166           26            29            0.448357      0             0 
 167           27            30            0.528434      0             0 
 168           28            31            0.420835      0             0 
 169           29            32            0.508406      0             0 
 170           30            33            0.54109       0             0 
 171           31            34            0.568707      0             0 
 172           32            35            0.553735      0             0 
 173           33            36            0.575585      0             0 
 174           36            39            0.568849      0             0 
 175           39            42            0.600347      0             0 
 176           41            44            0.548679      0             0 
 177           42            45            0.540807      0             0 
 178           43            46            0.544432      0             0 
 179           44            47            0.539924      0             0 
 180           45            48            0.451799      0             0 
 181           46            49            0.530835      0             0 
 182           47            50            0.543881      0             0 
 183           48            51            0.494779      0             0 
 184           49            52            0.544339      0             0 
 185           50            53            0.539412      0             0 
 186           51            54            0.541538      0             0 
 187           52            55            0.57904       0             0 
 188           53            56            0.531815      0             0 
 189           61            64            0.554181      0             0 
 190           1             6             0.561053      0             0 
 191           2             7             0.549826      0             0 
 192           3             8             0.560943      0             0 
 193           4             9             0.578552      0             0 
 194           5             10            0.574894      0             0 
 195           6             11            0.569169      0             0 
 196           7             12            0.583391      0             0 
 197           8             13            0.552943      0             0 
 198           9             14            0.560824      0             0 
 199           10            15            0.560546      0             0 
 200           11            16            0.49553       0             0 
 201           12            17            0.453494      0             0 
 202           13            18            0.556017      0             0 
 203           14            19            0.558041      0             0 
 204           15            20            0.57175       0             0 
 205           16            21            0.511948      0             0 
 206           17            22            0.354192      0             0 
 207           18            23            0.548377      0             0 
 208           19            24            0.181693      0             0 
 209           20            25            0.094147      0             0 
 210           21            26            0.501709      0             0 
 211           22            27            0.419215      0             0 
 212           23            28            0.382422      0             0 
 213           24            29            0.221813      0             0 
 214           25            30            0.10579       0             0 
 215           26            31            0.52872       0             0 
 216           27            32            0.532268      0             0 
 217           28            33            0.48796       0             0 
 218           29            34            0.543804      0             0 
 219           30            35            0.549635      0             0 
 220           31            36            0.575759      0             0 
 221           34            39            0.570356      0             0 
 222           36            41            0.565338      0             0 
 223           39            44            0.580361      0             0 
 224           41            46            0.551175      0             0 
 225           42            47            0.550925      0             0 
 226           43            48            0.525916      0             0 
 227           44            49            0.558459      0             0 
 228           45            50            0.557047      0             0 
 229           46            51            0.549637      0             0 
 230           47            52            0.545463      0             0 
 231           48            53            0.444157      0             0 
 232           49            54            0.528326      0             0 
 233           50            55            0.564072      0             0 
 234           51            56            0.588465      0             0 
 235           55            60            0.579615      0             0 
 236           56            61            0.567434      0             0 
 237           1             8             0.573535      0             0 
 238           2             9             0.570551      0             0 
 239           3             10            0.55003       0             0 
 240           4             11            0.576888      0             0 
 241           5             12            0.569984      0             0 
 242           6             13            0.556618      0             0 
 243           7             14            0.575206      0             0 
 244           8             15            0.580738      0             0 
 245           9             16            0.530855      0             0 
 246           10            17            0.476817      0             0 
 247           11            18            0.575976      0             0 
 248           12            19            0.560099      0             0 
 249           13            20            0.547265      0             0 
 250           14            21            0.556551      0             0 
 251           15            22            0.516724      0             0 
 252           16            23            0.471364      0             0 
 253           17            24            0.162787      0             0 
 254           18            25            0.091038      0             0 
 255           19            26            0.422532      0             0 
 256           20            27            0.537789      0             0 
 257           21            28            0.411862      0             0 
 258           22            29            0.404521      0             0 
 259           23            30            0.545133      0             0 
 260           24            31            0.222474      0             0 
 261           25            32            0.111246      0             0 
 262           26            33            0.552913      0             0 
 263           27            34            0.547493      0             0 
 264           28            35            0.491304      0             0 
 265           29            36            0.544332      0             0 
 266           32            39            0.545796      0             0 
 267           34            41            0.538728      0             0 
 268           35            42            0.572419      0             0 
 269           36            43            0.569918      0             0 
 270           39            46            0.569631      0             0 
 271           41            48            0.472473      0             0 
 272           42            49            0.552487      0             0 
 273           43            50            0.551407      0             0 
 274           44            51            0.548325      0             0 
 275           45            52            0.533858      0             0 
 276           46            53            0.543245      0             0 
 277           47            54            0.529077      0             0 
 278           48            55            0.528068      0             0 
 279           49            56            0.518873      0             0 
 280           53            60            0.544045      0             0 
 281           54            61            0.531616      0             0 
 282           55            62            0.572202      0             0 
 283           1             10            0.568775      0             0 
 284           2             11            0.550797      0             0 
 285           3             12            0.553181      0             0 
 286           4             13            0.549222      0             0 
 287           5             14            0.557914      0             0 
 288           6             15            0.582219      0             0 
 289           7             16            0.52106       0             0 
 290           8             17            0.403755      0             0 
 291           9             18            0.586828      0             0 
 292           10            19            0.560071      0             0 
 293           11            20            0.544276      0             0 
 294           12            21            0.562456      0             0 
 295           13            22            0.438554      0             0 
 296           14            23            0.53945       0             0 
 297           15            24            0.199211      0             0 
 298           16            25            0.083155      0             0 
 299           17            26            0.353652      0             0 
 300           18            27            0.529274      0             0 
 301           19            28            0.335165      0             0 
 302           20            29            0.514341      0             0 
 303           21            30            0.525516      0             0 
 304           22            31            0.454412      0             0 
 305           23            32            0.539648      0             0 
 306           24            33            0.227057      0             0 
 307           25            34            0.113471      0             0 
 308           26            35            0.546847      0             0 
 309           27            36            0.552774      0             0 
 310           30            39            0.54572       0             0 
 311           32            41            0.546806      0             0 
 312           33            42            0.582579      0             0 
 313           34            43            0.570763      0             0 
 314           35            44            0.578193      0             0 
 315           36            45            0.540215      0             0 
 316           39            48            0.591179      0             0 
 317           41            50            0.551167      0             0 
 318           42            51            0.546246      0             0 
 319           43            52            0.562366      0             0 
 320           44            53            0.563813      0             0 
 321           45            54            0.547226      0             0 
 322           46            55            0.562892      0             0 
 323           47            56            0.517736      0             0 
 324           51            60            0.548537      0             0 
 325           52            61            0.561551      0             0 
 326           53            62            0.551714      0             0 
 327           55            64            0.578342      0             0 
 328           1             12            0.561212      0             0 
 329           2             13            0.534379      0             0 
 330           3             14            0.566711      0             0 
 331           4             15            0.561092      0             0 
 332           5             16            0.479326      0             0 
 333           6             17            0.451725      0             0 
 334           7             18            0.570317      0             0 
 335           8             19            0.508947      0             0 
 336           9             20            0.550623      0             0 
 337           10            21            0.563589      0             0 
 338           11            22            0.479181      0             0 
 339           12            23            0.541757      0             0 
 340           13            24            0.180436      0             0 
 341           14            25            0.090641      0             0 
 342           15            26            0.543659      0             0 
 343           16            27            0.426155      0             0 
 344           17            28            0.282273      0             0 
 345           18            29            0.55814       0             0 
 346           19            30            0.495104      0             0 
 347           20            31            0.556064      0             0 
 348           21            32            0.523014      0             0 
 349           22            33            0.499723      0             0 
 350           23            34            0.541717      0             0 
 351           24            35            0.229501      0             0 
 352           25            36            0.110633      0             0 
 353           28            39            0.505611      0             0 
 354           30            41            0.542764      0             0 
 355           31            42            0.552186      0             0 
 356           32            43            0.543583      0             0 
 357           33            44            0.572002      0             0 
 358           34            45            0.55997       0             0 
 359           35            46            0.559875      0             0 
 360           36            47            0.554599      0             0 
 361           39            50            0.572181      0             0 
 362           41            52            0.550714      0             0 
 363           42            53            0.558985      0             0 
 364           43            54            0.55147       0             0 
 365           44            55            0.572595      0             0 
 366           45            56            0.53852       0             0 
 367           49            60            0.533223      0             0 
 368           50            61            0.523128      0             0 
 369           51            62            0.557593      0             0 
 370           53            64            0.539899      0             0 
 371           1             14            0.554098      0             0 
 372           2             15            0.548021      0             0 
 373           3             16            0.45492       0             0 
 374           4             17            0.454969      0             0 
 375           5             18            0.556606      0             0 
 376           6             19            0.55175       0             0 
 377           7             20            0.563183      0             0 
 378           8             21            0.53835       0             0 
 379           9             22            0.521812      0             0 
 380           10            23            0.549477      0             0 
 381           11            24            0.183544      0             0 
 382           12            25            0.089435      0             0 
 383           13            26            0.461358      0             0 
 384           14            27            0.542824      0             0 
 385           15            28            0.437374      0             0 
 386           16            29            0.414326      0             0 
 387           17            30            0.399197      0             0 
 388           18            31            0.569428      0             0 
 389           19            32            0.493055      0             0 
 390           20            33            0.555195      0             0 
 391           21            34            0.557875      0             0 
 392           22            35            0.512401      0             0 
 393           23            36            0.551956      0             0 
 394           26            39            0.539335      0             0 
 395           28            41            0.40722       0             0 
 396           29            42            0.554774      0             0 
 397           30            43            0.537642      0             0 
 398           31            44            0.565229      0             0 
 399           32            45            0.519583      0             0 
 400           33            46            0.567301      0             0 
 401           34            47            0.558591      0             0 
 402           35            48            0.544271      0             0 
 403           36            49            0.577787      0             0 
 404           39            52            0.577188      0             0 
 405           41            54            0.558209      0             0 
 406           42            55            0.567798      0             0 
 407           43            56            0.612651      0             0 
 408           47            60            0.547559      0             0 
 409           48            61            0.428515      0             0 
 410           49            62            0.553437      0             0 
 411           51            64            0.559165      0             0 
 412           1             16            0.431699      0             0 
 413           2             17            0.400738      0             0 
 414           3             18            0.563777      0             0 
 415           4             19            0.558787      0             0 
 416           5             20            0.545484      0             0 
 417           6             21            0.549489      0             0 
 418           7             22            0.517116      0             0 
 419           8             23            0.534823      0             0 
 420           9             24            0.19393       0             0 
 421           10            25            0.085566      0             0 
 422           11            26            0.502769      0             0 
 423           12            27            0.548717      0             0 
 424           13            28            0.365212      0             0 
 425           14            29            0.552949      0             0 
 426           15            30            0.555163      0             0 
 427           16            31            0.484606      0             0 
 428           17            32            0.396559      0             0 
 429           18            33            0.594487      0             0 
 430           19            34            0.552652      0             0 
 431           20            35            0.555843      0             0 
 432           21            36            0.556701      0             0 
 433           24            39            0.233172      0             0 
 434           26            41            0.490228      0             0 
 435           27            42            0.556902      0             0 
 436           28            43            0.448167      0             0 
 437           29            44            0.551133      0             0 
 438           30            45            0.513756      0             0 
 439           31            46            0.546909      0             0 
 440           32            47            0.501876      0             0 
 441           33            48            0.539077      0             0 
 442           34            49            0.55056       0             0 
 443           35            50            0.56821       0             0 
 444           36            51            0.565501      0             0 
 445           39            54            0.580018      0             0 
 446           41            56            0.564613      0             0 
 447           45            60            0.547408      0             0 
 448           46            61            0.520981      0             0 
 449           47            62            0.547696      0             0 
 450           49            64            0.535715      0             0 
 451           1             18            0.553457      0             0 
 452           2             19            0.507922      0             0 
 453           3             20            0.53094       0             0 
 454           4             21            0.562837      0             0 
 455           5             22            0.472264      0             0 
 456           6             23            0.555328      0             0 
 457           7             24            0.186991      0             0 
 458           8             25            0.079146      0             0 
 459           9             26            0.549295      0             0 
 460           10            27            0.546405      0             0 
 461           11            28            0.388443      0             0 
 462           12            29            0.564602      0             0 
 463           13            30            0.548944      0             0 
 464           14            31            0.562648      0             0 
 465           15            32            0.55337       0             0 
 466           16            33            0.503392      0             0 
 467           17            34            0.432102      0             0 
 468           18            35            0.561982      0             0 
 469           19            36            0.544717      0             0 
 470           22            39            0.538104      0             0 
 471           24            41            0.203854      0             0 
 472           25            42            0.103533      0             0 
 473           26            43            0.546171      0             0 
 474           27            44            0.544379      0             0 
 475           28            45            0.375995      0             0 
 476           29            46            0.528342      0             0 
 477           30            47            0.500683      0             0 
 478           31            48            0.498052      0             0 
 479           32            49            0.486148      0             0 
 480           33            50            0.559004      0             0 
 481           34            51            0.545478      0             0 
 482           35            52            0.576996      0             0 
 483           36            53            0.554451      0             0 
 484           39            56            0.709132      0             0 
 485           43            60            0.56827       0             0 
 486           44            61            0.55381       0             0 
 487           45            62            0.541637      0             0 
 488           47            64            0.546326      0             0 
 489           1             20            0.544819      0             0 
 490           2             21            0.550603      0             0 
 491           3             22            0.453572      0             0 
 492           4             23            0.547759      0             0 
 493           5             24            0.176631      0             0 
 494           6             25            0.078641      0             0 
 495           7             26            0.54466       0             0 
 496           8             27            0.535838      0             0 
 497           9             28            0.425836      0             0 
 498           10            29            0.579628      0             0 
 499           11            30            0.54523       0             0 
 500           12            31            0.559841      0             0 
 501           13            32            0.542114      0             0 
 502           14            33            0.58779       0             0 
 503           15            34            0.601207      0             0 
 504           16            35            0.517581      0             0 
 505           17            36            0.487402      0             0 
 506           20            39            0.573457      0             0 
 507           22            41            0.43661       0             0 
 508           23            42            0.572292      0             0 
 509           24            43            0.212694      0             0 
 510           25            44            0.103973      0             0 
 511           26            45            0.46453       0             0 
 512           27            46            0.549096      0             0 
 513           28            47            0.367789      0             0 
 514           29            48            0.421127      0             0 
 515           30            49            0.478726      0             0 
 516           31            50            0.556033      0             0 
 517           32            51            0.555939      0             0 
 518           33            52            0.569483      0             0 
 519           34            53            0.559235      0             0 
 520           35            54            0.557136      0             0 
 521           36            55            0.571568      0             0 
 522           41            60            0.539281      0             0 
 523           42            61            0.549732      0             0 
 524           43            62            0.554704      0             0 
 525           45            64            0.552867      0             0 
 526           1             22            0.442432      0             0 
 527           2             23            0.53859       0             0 
 528           3             24            0.17228       0             0 
 529           4             25            0.080657      0             0 
 530           5             26            0.504908      0             0 
 531           6             27            0.545062      0             0 
 532           7             28            0.409839      0             0 
 533           8             29            0.506832      0             0 
 534           9             30            0.559377      0             0 
 535           10            31            0.573098      0             0 
 536           11            32            0.528434      0             0 
 537           12            33            0.591102      0             0 
 538           13            34            0.573176      0             0 
 539           14            35            0.555806      0             0 
 540           15            36            0.575855      0             0 
 541           18            39            0.581305      0             0 
 542           20            41            0.543842      0             0 
 543           21            42            0.558289      0             0 
 544           22            43            0.480716      0             0 
 545           23            44            0.56177       0             0 
 546           24            45            0.193968      0             0 
 547           25            46            0.109978      0             0 
 548           26            47            0.449481      0             0 
 549           27            48            0.445607      0             0 
 550           28            49            0.348413      0             0 
 551           29            50            0.527506      0             0 
 552           30            51            0.551188      0             0 
 553           31            52            0.55805       0             0 
 554           32            53            0.501991      0             0 
 555           33            54            0.56051       0             0 
 556           34            55            0.573783      0             0 
 557           35            56            0.661016      0             0 
 558           39            60            0.597656      0             0 
 559           41            62            0.558959      0             0 
 560           43            64            0.567496      0             0 
 561           1             11            0.560103      0             0 
 562           2             12            0.547409      0             0 
 563           3             13            0.547862      0             0 
 564           4             14            0.572449      0             0 
 565           5             15            0.564366      0             0 
 566           6             16            0.476139      0             0 
 567           7             17            0.475954      0             0 
 568           8             18            0.56154       0             0 
 569           9             19            0.55037       0             0 
 570           10            20            0.5559        0             0 
 571           11            21            0.56186       0             0 
 572           12            22            0.473917      0             0 
 573           13            23            0.544006      0             0 
 574           14            24            0.174771      0             0 
 575           15            25            0.082191      0             0 
 576           16            26            0.374346      0             0 
 577           17            27            0.411158      0             0 
 578           18            28            0.377677      0             0 
 579           19            29            0.457986      0             0 
 580           20            30            0.535049      0             0 
 581           21            31            0.561862      0             0 
 582           22            32            0.418269      0             0 
 583           23            33            0.552987      0             0 
 584           24            34            0.20465       0             0 
 585           25            35            0.111026      0             0 
 586           26            36            0.549424      0             0 
 587           29            39            0.555007      0             0 
 588           31            41            0.543113      0             0 
 589           32            42            0.561682      0             0 
 590           33            43            0.572798      0             0 
 591           34            44            0.566472      0             0 
 592           35            45            0.534991      0             0 
 593           36            46            0.55763       0             0 
 594           39            49            0.599986      0             0 
 595           41            51            0.542073      0             0 
 596           42            52            0.558572      0             0 
 597           43            53            0.56905       0             0 
 598           44            54            0.555268      0             0 
 599           45            55            0.540975      0             0 
 600           46            56            0.591887      0             0 
 601           50            60            0.560493      0             0 
 602           51            61            0.5179        0             0 
 603           52            62            0.557153      0             0 
 604           54            64            0.572664      0             0 
 605           1             19            0.514505      0             0 
 606           2             20            0.553697      0             0 
 607           3             21            0.5507        0             0 
 608           4             22            0.489014      0             0 
 609           5             23            0.544805      0             0 
 610           6             24            0.171824      0             0 
 611           7             25            0.08011       0             0 
 612           8             26            0.453297      0             0 
 613           9             27            0.546843      0             0 
 614           10            28            0.389515      0             0 
 615           11            29            0.561382      0             0 
 616           12            30            0.548756      0             0 
 617           13            31            0.563583      0             0 
 618           14            32            0.541369      0             0 
 619           15            33            0.598137      0             0 
 620           16            34            0.455595      0             0 
 621           17            35            0.482391      0             0 
 622           18            36            0.558587      0             0 
 623           21            39            0.56381       0             0 
 624           23            41            0.546622      0             0 
 625           24            42            0.201961      0             0 
 626           25            43            0.110444      0             0 
 627           26            44            0.522155      0             0 
 628           27            45            0.520372      0             0 
 629           28            46            0.386952      0             0 
 630           29            47            0.474873      0             0 
 631           30            48            0.435523      0             0 
 632           31            49            0.532246      0             0 
 633           32            50            0.54278       0             0 
 634           33            51            0.556628      0             0 
 635           34            52            0.558275      0             0 
 636           35            53            0.569029      0             0 
 637           36            54            0.562934      0             0 
 638           42            60            0.566546      0             0 
 639           43            61            0.564789      0             0 
 640           44            62            0.590388      0             0 
 641           46            64            0.551096      0             0 
 642           1             23            0.54808       0             0 
 643           2             24            0.161695      0             0 
 644           3             25            0.077611      0             0 
 645           4             26            0.518142      0             0 
 646           5             27            0.547221      0             0 
 647           6             28            0.365062      0             0 
 648           7             29            0.569823      0             0 
 649           8             30            0.535256      0             0 
 650           9             31            0.581081      0             0 
 651           10            32            0.546137      0             0 
 652           11            33            0.574464      0             0 
 653           12            34            0.573936      0             0 
 654           13            35            0.566747      0             0 
 655           14            36            0.557287      0             0 
 656           17            39            0.534114      0             0 
 657           19            41            0.505694      0             0 
 658           20            42            0.566991      0             0 
 659           21            43            0.568722      0             0 
 660           22            44            0.458974      0             0 
 661           23            45            0.530447      0             0 
 662           24            46            0.194637      0             0 
 663           25            47            0.099513      0             0 
 664           26            48            0.396798      0             0 
 665           27            49            0.482175      0             0 
 666           28            50            0.389107      0             0 
 667           29            51            0.532268      0             0 
 668           30            52            0.544615      0             0 
 669           31            53            0.556911      0             0 
 670           32            54            0.544606      0             0 
 671           33            55            0.578576      0             0 
 672           34            56            0.647082      0             0 
 673           39            61            0.611762      0             0 
 674           42            64            0.592485      0             0 
 675           1             27            0.544134      0             0 
 676           2             28            0.318988      0             0 
 677           3             29            0.527592      0             0 
 678           4             30            0.556337      0             0 
 679           5             31            0.551863      0             0 
 680           6             32            0.546963      0             0 
 681           7             33            0.596049      0             0 
 682           8             34            0.569298      0             0 
 683           9             35            0.578782      0             0 
 684           10            36            0.579825      0             0 
 685           13            39            0.559875      0             0 
 686           15            41            0.566224      0             0 
 687           16            42            0.448715      0             0 
 688           17            43            0.453659      0             0 
 689           18            44            0.554385      0             0 
 690           19            45            0.47656       0             0 
 691           20            46            0.517593      0             0 
 692           21            47            0.523333      0             0 
 693           22            48            0.354089      0             0 
 694           23            49            0.49256       0             0 
 695           24            50            0.186429      0             0 
 696           25            51            0.096788      0             0 
 697           26            52            0.491485      0             0 
 698           27            53            0.495114      0             0 
 699           28            54            0.344185      0             0 
 700           29            55            0.50962       0             0 
 701           30            56            0.547557      0             0 
 702           34            60            0.567411      0             0 
 703           35            61            0.544128      0             0 
 704           36            62            0.597738      0             0 
 705           1             31            0.514999      0             0 
 706           2             32            0.491151      0             0 
 707           3             33            0.551225      0             0 
 708           4             34            0.566202      0             0 
 709           5             35            0.569719      0             0 
 710           6             36            0.584416      0             0 
 711           9             39            0.607394      0             0 
 712           11            41            0.519604      0             0 
 713           12            42            0.530807      0             0 
 714           13            43            0.511282      0             0 
 715           14            44            0.552354      0             0 
 716           15            45            0.521029      0             0 
 717           16            46            0.425366      0             0 
 718           17            47            0.395423      0             0 
 719           18            48            0.524736      0             0 
 720           19            49            0.434657      0             0 
 721           20            50            0.496456      0             0 
 722           21            51            0.516794      0             0 
 723           22            52            0.442095      0             0 
 724           23            53            0.515779      0             0 
 725           24            54            0.181312      0             0 
 726           25            55            0.100568      0             0 
 727           26            56            0.460777      0             0 
 728           30            60            0.526005      0             0 
 729           31            61            0.558265      0             0 
 730           32            62            0.547476      0             0 
 731           34            64            0.596901      0             0 
 732           1             39            0.569521      0             0 
 733           3             41            0.500638      0             0 
 734           4             42            0.550744      0             0 
 735           5             43            0.562139      0             0 
 736           6             44            0.552824      0             0 
 737           7             45            0.52145       0             0 
 738           8             46            0.517103      0             0 
 739           9             47            0.519861      0             0 
 740           10            48            0.557195      0             0 
 741           11            49            0.499815      0             0 
 742           12            50            0.521525      0             0 
 743           13            51            0.505758      0             0 
 744           14            52            0.551667      0             0 
 745           15            53            0.516044      0             0 
 746           16            54            0.412795      0             0 
 747           17            55            0.483312      0             0 
 748           18            56            0.598574      0             0 
 749           22            60            0.517673      0             0 
 750           23            61            0.501988      0             0 
 751           24            62            0.210491      0             0 
 752           26            64            0.496139      0             0 
 753           1             43            0.524889      0             0 
 754           2             44            0.509833      0             0 
 755           3             45            0.54895       0             0 
 756           4             46            0.566439      0             0 
 757           5             47            0.560205      0             0 
 758           6             48            0.529152      0             0 
 759           7             49            0.584198      0             0 
 760           8             50            0.549393      0             0 
 761           9             51            0.586772      0             0 
 762           10            52            0.576202      0             0 
 763           11            53            0.564259      0             0 
 764           12            54            0.558444      0             0 
 765           13            55            0.550249      0             0 
 766           14            56            0.653046      0             0 
 767           18            60            0.563402      0             0 
 768           19            61            0.452082      0             0 
 769           20            62            0.553917      0             0 
 770           22            64            0.525617      0             0 
