Average current for each electrode(+Ql):  No of electrode,  average current, =1 means the current<I_threshold
 1             0.3804497     0             37100 
 2             0.3267059     0             36206 
 3             0.4402414     0             37479 
 4             0.4232213     0             37014 
 5             0.4135808     0             38002 
 6             0.2685864     0             38020 
 7             0.2575709     0             37789 
 8             0.4836388     0             37169 
 9             0.4252131     0             36369 
 10            0.4021876     0             35782 
 11            0.4782936     0             36488 
 12            0.4009573     0             35103 
 13            0.4242339     0             35047 
 14            0.4305228     0             35253 
 15            0.4500767     0             36822 
 16            0.3498846     0             37667 
 17            0.3149408     0             37753 
 18            0.4170447     0             39322 
 19            0.3907498     0             39014 
 20            0.3909251     0             37785 
 21            0.4704713     0             38554 
 22            0.44848       0             37510 
 23            0.347116      0             37587 
 24            0.418921      0             37373 
 25            0.4343265     0             37551 
 26            0.3603285     0             36551 
 27            0.4725165     0             37165 
 28            0.4782391     0             38055 
 29            0.3418455     0             37465 
 30            0.4430324     0             38751 
 31            0.2966485     0             40057 
 32            0.3443861     0             38810 
 33            0             1             3848 
 34            0             1             980 
 35            0             1             3035 
 36            0             1             4443 
 37            0             1             23098 
 38            0             1             1482 
 39            0             1             1473 
 40            0             1             4262 
 41            0             1             10708 
 42            0             1             10064 
 43            0             1             7195 
 44            0             1             7851 
 45            0             1             252 
 46            0             1             7831 
 47            0             1             17147 
 48            0             1             6522 
 49            0             1             6730 
 50            0             1             5715 
 51            0             1             2806 
 52            0             1             7644 
 53            0             1             20443 
 54            0             1             1229 
 55            0             1             1078 
 56            0             1             2208 
 57            0             1             2609 
 58            0             1             3397 
 59            0             1             2673 
 60            0             1             6783 
 61            0             1             22672 
 62            0             1             2483 
 63            0             1             7220 
 64            0             1             4479 
 65            0             1             1211 
 66            0             1             988 
 67            0             1             1490 
 68            0             1             4481 
 69            0             1             1806 
 70            0             1             8504 
 71            0             1             24930 
 72            0             1             1339 
 73            0             1             1555 
 74            0             1             2073 
 75            0             1             11109 
 76            0             1             17762 
 77            0             1             15236 
 78            0             1             19736 
 79            0             1             12455 
 80            0             1             11705 
 81            0             1             6394 
 82            0             1             5938 
 83            0             1             2556 
 84            0             1             5113 
 85            0             1             14253 
 86            0             1             3124 
 87            0             1             28989 
 88            0             1             3450 
 89            0             1             3795 
 90            0             1             3917 
 91            0             1             9072 
 92            0             1             1819 
 93            0             1             5366 
 94            0             1             5551 
 95            0             1             1900 
 96            0             1             15315 
No.   A_posi   B_posi   Current   Vlevel   Qaverage
 1             1             7             0.244703      0             0 
 2             2             8             0.388045      0             0 
 3             3             9             0.465343      0             0 
 4             4             10            0.432244      0             0 
 5             5             11            0.504057      0             0 
 6             6             12            0.269093      0             0 
 7             7             13            0.279109      0             0 
 8             8             14            0.503991      0             0 
 9             9             15            0.488493      0             0 
 10            10            16            0.358076      0             0 
 11            11            17            0.360414      0             0 
 12            12            18            0.425247      0             0 
 13            13            19            0.425167      0             0 
 14            14            20            0.439854      0             0 
 15            15            21            0.531681      0             0 
 16            16            22            0.398326      0             0 
 17            17            23            0.283671      0             0 
 18            18            24            0.438229      0             0 
 19            19            25            0.421471      0             0 
 20            20            26            0.370397      0             0 
 21            21            27            0.558167      0             0 
 22            22            28            0.556445      0             0 
 23            23            29            0.310603      0             0 
 24            24            30            0.462427      0             0 
 25            25            31            0.307946      0             0 
 26            26            32            0.31889       0             0 
 27            1             15            0.417582      0             0 
 28            2             16            0.293605      0             0 
 29            3             17            0.332746      0             0 
 30            4             18            0.420583      0             0 
 31            5             19            0.39729       0             0 
 32            6             20            0.262822      0             0 
 33            7             21            0.295361      0             0 
 34            8             22            0.540955      0             0 
 35            9             23            0.36327       0             0 
 36            10            24            0.438074      0             0 
 37            11            25            0.532372      0             0 
 38            12            26            0.383106      0             0 
 39            13            27            0.504197      0             0 
 40            14            28            0.530854      0             0 
 41            15            29            0.376909      0             0 
 42            16            30            0.37507       0             0 
 43            17            31            0.246945      0             0 
 44            18            32            0.344949      0             0 
 45            1             25            0.404147      0             0 
 46            2             26            0.300289      0             0 
 47            3             27            0.495387      0             0 
 48            4             28            0.517982      0             0 
 49            5             29            0.352153      0             0 
 50            6             30            0.26955       0             0 
 51            7             31            0.208665      0             0 
 52            8             32            0.40534       0             0 
 53            1             4             0.386597      0             0 
 54            2             5             0.335019      0             0 
 55            3             6             0.273835      0             0 
 56            4             7             0.259792      0             0 
 57            5             8             0.507153      0             0 
 58            6             9             0.273617      0             0 
 59            7             10            0.265337      0             0 
 60            8             11            0.608628      0             0 
 61            9             12            0.452222      0             0 
 62            10            13            0.455608      0             0 
 63            11            14            0.525919      0             0 
 64            12            15            0.472409      0             0 
 65            13            16            0.390193      0             0 
 66            14            17            0.329078      0             0 
 67            15            18            0.446332      0             0 
 68            16            19            0.344997      0             0 
 69            17            20            0.326148      0             0 
 70            18            21            0.514013      0             0 
 71            19            22            0.43761       0             0 
 72            20            23            0.366035      0             0 
 73            21            24            0.504575      0             0 
 74            22            25            0.504082      0             0 
 75            23            26            0.337709      0             0 
 76            24            27            0.506161      0             0 
 77            25            28            0.531376      0             0 
 78            26            29            0.316404      0             0 
 79            27            30            0.515589      0             0 
 80            28            31            0.349041      0             0 
 81            29            32            0.294363      0             0 
 82            1             6             0.248489      0             0 
 83            2             7             0.219831      0             0 
 84            3             8             0.519814      0             0 
 85            4             9             0.445725      0             0 
 86            5             10            0.424575      0             0 
 87            6             11            0.307122      0             0 
 88            7             12            0.269133      0             0 
 89            8             13            0.531045      0             0 
 90            9             14            0.467031      0             0 
 91            10            15            0.458077      0             0 
 92            11            16            0.435993      0             0 
 93            12            17            0.320032      0             0 
 94            13            18            0.447659      0             0 
 95            14            19            0.421299      0             0 
 96            15            20            0.452221      0             0 
 97            16            21            0.433408      0             0 
 98            17            22            0.363769      0             0 
 99            18            23            0.35779       0             0 
 100           19            24            0.414789      0             0 
 101           20            25            0.44313       0             0 
 102           21            26            0.43966       0             0 
 103           22            27            0.518272      0             0 
 104           23            28            0.475862      0             0 
 105           24            29            0.366009      0             0 
 106           25            30            0.468616      0             0 
 107           26            31            0.273975      0             0 
 108           27            32            0.391027      0             0 
 109           1             8             0.46517       0             0 
 110           2             9             0.345702      0             0 
 111           3             10            0.442547      0             0 
 112           4             11            0.519312      0             0 
 113           5             12            0.435065      0             0 
 114           6             13            0.279396      0             0 
 115           7             14            0.271597      0             0 
 116           8             15            0.529766      0             0 
 117           9             16            0.366579      0             0 
 118           10            17            0.313146      0             0 
 119           11            18            0.480925      0             0 
 120           12            19            0.404423      0             0 
 121           13            20            0.449714      0             0 
 122           14            21            0.512238      0             0 
 123           15            22            0.481246      0             0 
 124           16            23            0.316134      0             0 
 125           17            24            0.348445      0             0 
 126           18            25            0.448809      0             0 
 127           19            26            0.356952      0             0 
 128           20            27            0.481683      0             0 
 129           21            28            0.587892      0             0 
 130           22            29            0.375681      0             0 
 131           23            30            0.40737       0             0 
 132           24            31            0.307694      0             0 
 133           25            32            0.366779      0             0 
 134           1             10            0.384248      0             0 
 135           2             11            0.397014      0             0 
 136           3             12            0.458538      0             0 
 137           4             13            0.469919      0             0 
 138           5             14            0.441337      0             0 
 139           6             15            0.279956      0             0 
 140           7             16            0.237359      0             0 
 141           8             17            0.360028      0             0 
 142           9             18            0.432295      0             0 
 143           10            19            0.398588      0             0 
 144           11            20            0.482742      0             0 
 145           12            21            0.501649      0             0 
 146           13            22            0.485654      0             0 
 147           14            23            0.36402       0             0 
 148           15            24            0.487942      0             0 
 149           16            25            0.393158      0             0 
 150           17            26            0.299969      0             0 
 151           18            27            0.487283      0             0 
 152           19            28            0.49447       0             0 
 153           20            29            0.34357       0             0 
 154           21            30            0.504005      0             0 
 155           22            31            0.321335      0             0 
 156           23            32            0.319425      0             0 
 157           1             12            0.395092      0             0 
 158           2             13            0.357331      0             0 
 159           3             14            0.470819      0             0 
 160           4             15            0.476105      0             0 
 161           5             16            0.371895      0             0 
 162           6             17            0.221678      0             0 
 163           7             18            0.259076      0             0 
 164           8             19            0.479196      0             0 
 165           9             20            0.436413      0             0 
 166           10            21            0.480903      0             0 
 167           11            22            0.546459      0             0 
 168           12            23            0.361575      0             0 
 169           13            24            0.480201      0             0 
 170           14            25            0.47639       0             0 
 171           15            26            0.406461      0             0 
 172           16            27            0.420245      0             0 
 173           17            28            0.404904      0             0 
 174           18            29            0.344028      0             0 
 175           19            30            0.410594      0             0 
 176           20            31            0.296048      0             0 
 177           21            32            0.393747      0             0 
 178           1             14            0.405702      0             0 
 179           2             15            0.352774      0             0 
 180           3             16            0.3733        0             0 
 181           4             17            0.319129      0             0 
 182           5             18            0.419906      0             0 
 183           6             19            0.255516      0             0 
 184           7             20            0.260337      0             0 
 185           8             21            0.558756      0             0 
 186           9             22            0.47059       0             0 
 187           10            23            0.35674       0             0 
 188           11            24            0.480888      0             0 
 189           12            25            0.462338      0             0 
 190           13            26            0.41055       0             0 
 191           14            27            0.491131      0             0 
 192           15            28            0.54207       0             0 
 193           16            29            0.306669      0             0 
 194           17            30            0.339734      0             0 
 195           18            31            0.293821      0             0 
 196           19            32            0.327065      0             0 
 197           1             16            0.336542      0             0 
 198           2             17            0.259663      0             0 
 199           3             18            0.432679      0             0 
 200           4             19            0.405973      0             0 
 201           5             20            0.419558      0             0 
 202           6             21            0.300369      0             0 
 203           7             22            0.277603      0             0 
 204           8             23            0.39724       0             0 
 205           9             24            0.464749      0             0 
 206           10            25            0.44027       0             0 
 207           11            26            0.456683      0             0 
 208           12            27            0.483407      0             0 
 209           13            28            0.518995      0             0 
 210           14            29            0.363213      0             0 
 211           15            30            0.478986      0             0 
 212           16            31            0.271982      0             0 
 213           17            32            0.280949      0             0 
 214           1             18            0.375678      0             0 
 215           2             19            0.311959      0             0 
 216           3             20            0.430507      0             0 
 217           4             21            0.498272      0             0 
 218           5             22            0.468048      0             0 
 219           6             23            0.234381      0             0 
 220           7             24            0.270892      0             0 
 221           8             25            0.518929      0             0 
 222           9             26            0.391965      0             0 
 223           10            27            0.493344      0             0 
 224           11            28            0.55811       0             0 
 225           12            29            0.355686      0             0 
 226           13            30            0.470292      0             0 
 227           14            31            0.309453      0             0 
 228           15            32            0.37233       0             0 
 229           1             20            0.378478      0             0 
 230           2             21            0.389167      0             0 
 231           3             22            0.474664      0             0 
 232           4             23            0.359157      0             0 
 233           5             24            0.445605      0             0 
 234           6             25            0.274023      0             0 
 235           7             26            0.243847      0             0 
 236           8             27            0.525463      0             0 
 237           9             28            0.529502      0             0 
 238           10            29            0.348305      0             0 
 239           11            30            0.517089      0             0 
 240           12            31            0.301831      0             0 
 241           13            32            0.36815       0             0 
 242           1             22            0.415232      0             0 
 243           2             23            0.283382      0             0 
 244           3             24            0.459829      0             0 
 245           4             25            0.457434      0             0 
 246           5             26            0.37416       0             0 
 247           6             27            0.290881      0             0 
 248           7             28            0.309421      0             0 
 249           8             29            0.408129      0             0 
 250           9             30            0.456432      0             0 
 251           10            31            0.297118      0             0 
 252           11            32            0.403818      0             0 
 253           1             11            0.473974      0             0 
 254           2             12            0.338892      0             0 
 255           3             13            0.479716      0             0 
 256           4             14            0.454384      0             0 
 257           5             15            0.461968      0             0 
 258           6             16            0.242425      0             0 
 259           7             17            0.216599      0             0 
 260           8             18            0.475547      0             0 
 261           9             19            0.417259      0             0 
 262           10            20            0.415087      0             0 
 263           11            21            0.55145       0             0 
 264           12            22            0.479891      0             0 
 265           13            23            0.363683      0             0 
 266           14            24            0.464946      0             0 
 267           15            25            0.488226      0             0 
 268           16            26            0.331735      0             0 
 269           17            27            0.371769      0             0 
 270           18            28            0.496045      0             0 
 271           19            29            0.32711       0             0 
 272           20            30            0.435535      0             0 
 273           21            31            0.341802      0             0 
 274           22            32            0.375773      0             0 
 275           1             19            0.363268      0             0 
 276           2             20            0.328223      0             0 
 277           3             21            0.512312      0             0 
 278           4             22            0.477964      0             0 
 279           5             23            0.353546      0             0 
 280           6             24            0.273509      0             0 
 281           7             25            0.27353       0             0 
 282           8             26            0.446698      0             0 
 283           9             27            0.502528      0             0 
 284           10            28            0.494541      0             0 
 285           11            29            0.422903      0             0 
 286           12            30            0.449517      0             0 
 287           13            31            0.318099      0             0 
 288           14            32            0.3672        0             0 
 289           1             23            0.330725      0             0 
 290           2             24            0.344535      0             0 
 291           3             25            0.473504      0             0 
 292           4             26            0.386791      0             0 
 293           5             27            0.497937      0             0 
 294           6             28            0.309936      0             0 
 295           7             29            0.231655      0             0 
 296           8             30            0.502883      0             0 
 297           9             31            0.309333      0             0 
 298           10            32            0.346923      0             0 
 299           1             27            0.443343      0             0 
 300           2             28            0.398356      0             0 
 301           3             29            0.369213      0             0 
 302           4             30            0.451302      0             0 
 303           5             31            0.299863      0             0 
 304           6             32            0.236543      0             0 
 305           1             31            0.278832      0             0 
 306           2             32            0.281165      0             0 
 307           1             28            0.480741      0             0 
 308           2             29            0.28246       0             0 
 309           3             30            0.459592      0             0 
 310           4             31            0.302539      0             0 
 311           5             32            0.3489        0             0 
